2868
2873
2863
2863
2868
2855
2872
2868
2874
2874
2867
2864
2868
2861
2864
2873
2859
2862
2867
2854
2860
2854
2861
179
2856
2862
2848
2824
2828
2824
2652
2631
2636
2643
2639
2639
2637
2641
2643
2649
2639
2646
2646
2636
2649
2655
2648
2653
2668
2654
2659
2664
2663
2664
2665
2667
2666
2664
2670
2670
2691
2695
2701
2705
2696
2708
2711
2707
2714
2717
2730
2726
2727
2732
2735
2731
2737
2741
2745
2750
2756
2755
2741
2745
2742
2746
2760
2769
2768
2760
2775
2784
2790
2790
2787
2798
2800
2811
2807
2801
2819
2833
2821
2829
2835
2827
2846
2854
2851
2862
2864
2872
2877
2878
2894
2904
2899
2943
3015
3043
3200
3225
3225
3227
3223
3243
3265
3258
3264
3278
3272
3282
3297
3309
3302
3305
3300
3335
3349
3364
3370
3387
3391
3380
3398
3416
3406
3432
3439
3437
3472
3466
3484
3476
3513
3524
3536
3505
3489
3524
3579
3595
3598
3594
3491
3467
3438
3463
3492
3703
3690
3707
3715
3734
3758
3744
3774
3754
3759
3824
3841
3850
3864
3868
3888
3911
3930
3929
3941
3961
3994
4010
4015
4054
4066
4082
4079
4105
4120
4138
4143
4042
4022
4049
4062
4037
4045
4073
4057
4021
4011
3998
4010
4027
4055
4071
4096
4101
4142
4159
4182
4209
4228
4256
4269
4291
4326
4339
4360
4400
4424
4445
4474
4503
4522
4548
4580
4604
4644
4115
3967
3901
3911
3908
3894
3922
3946
3948
3955
3945
3964
3986
3975
4001
3999
4008
4014
4037
3610
3365
3355
3350
3352
3336
3352
3389
3568
4137
4146
4155
4181
4188
4188
4209
4221
4234
4244
4264
4266
4293
4296
4328
4330
4347
4352
4378
4398
4403
4424
4436
4446
4468
4488
4503
4530
4542
4559
4571
4594
4608
4632
4645
4659
4688
4694
4718
4740
4757
4765
4786
4813
4836
4835
4868
4890
4924
4937
4951
4979
5004
5004
5030
5059
5076
5104
5114
5144
5154
5195
5227
5241
5294
5327
5802
6447
6442
6440
4303
4311
4315
4282
4202
4151
4170
6384
6382
6381
6396
4438
4374
3981
3936
3954
3944
3932
3921
3896
3900
3882
3884
3874
3844
3819
3833
3829
3816
3810
3781
3780
3774
3770
3755
3744
3730
3719
3730
3743
3820
3813
3876
3905
3931
3966
4005
4057
4088
4137
4185
4224
6322
6315
6324
6328
6331
6326
6329
6325
6328
6344
6342
6337
6348
6342
6367
6353
6362
6360
6351
6370
6381
3413
3408
3455
6393
6409
6397
6411
6415
6411
6420
6441
6436
6439
6448
6448
6462
6463
6466
6483
6477
6475
6511
6499
6514
6520
6526
6532
6540
6545
6563
6561
6574
6582
6588
6589
6610
6614
6623
6641
6647
6653
6662
6667
6689
6695
6691
5946
5688
5614
5560
5449
5389
5315
5259
5220
5163
5113
5042
4993
4940
4877
4867
4882
4877
4897
4906
4914
4922
4940
4950
4951
4965
4984
4989
5002
5015
5017
5021
5082
6278
6318
6334
6354
6363
6379
6388
6402
6349
6354
6358
6395
6405
6430
6451
6467
6477
6507
6518
6544
6554
6577
6603
6616
6640
6648
6682
6691
6718
6763
6843
6875
6888
6908
6939
7026
7061
7088
7097
7122
7162
7178
7211
7185
7239
7268
7294
7320
7343
7376
7402
7438
4260
4226
4223
4229
4243
4248
4275
4104
4046
4041
4069
4069
4087
4128
4131
4158
8003
8008
8039
8067
8103
8148
8189
8224
8265
8297
8331
8379
8411
8470
8494
8546
8577
8599
8707
8736
8776
8835
8890
8886
8957
9020
9062
9117
9166
9202
9275
9313
9378
9405
9498
9529
9647
9684
9761
9837
9827
9838
9902
9956
10030
10088
10154
10115
10137
10221
10287
10348
10416
10519
10572
10719
10943
11122
11183
11310
11338
11433
11526
11600
11661
11750
11777
11741
11719
11668
11675
11635
11561
11563
11520
11500
11473
11458
11426
11415
11390
11366
11331
11320
11304
11273
11232
11255
11262
11240
11211
11188
11155
11126
11066
11080
11046
11027
11026
11016
10987
10967
10957
10931
10919
10899
10888
10865
10855
10854
10809
10840
10840
10821
10798
10785
10764
10748
10696
10657
10645
10641
10622
10583
10543
10517
10508
10493
10489
10477
10466
10453
10454
10425
10423
10416
10403
10390
10382
10439
10431
10424
10421
10411
10407
10398
10456
10457
10458
10441
10435
10421
10403
10398
10393
10377
10390
10374
10368
10375
10363
10370
10358
10351
10359
10359
10343
10351
10343
10343
10335
10340
10325
10347
10364
10357
10361
10352
10359
10337
10353
10336
10324
10331
10330
10334
10350
10342
10336
10346
10340
10337
10345
10357
10353
10352
10356
10364
10363
10359
10381
10406
10415
10424
10401
10405
10413
10410
10259
9563
8651
8423
8605
8490
8204
8178
8189
7832
7636
7440
7282
7024
7030
6859
6638
6500
6374
6240
6117
6014
5875
5875
5786
5574
5461
5364
5277
5188
5116
5026
4942
4864
4708
4711
4701
4371
4058
4003
3933
3902
3831
3775
3733
3686
3635
3598
3530
3493
3480
3423
3567
3565
3541
3493
3437
3403
3373
3346
3301
3273
3236
3194
3173
3142
3151
3161
3154
3183
3164
3134
3123
3095
3084
3057
3017
2983
2853
2839
2825
2801
2794
2767
2745
2726
2704
2683
2652
2645
2618
2602
2591
2561
2559
2531
2509
2488
2473
2459
2441
2422
2410
2391
2374
2358
2354
2327
2313
2294
2283
2270
2252
2228
2209
2214
2200
2186
2141
2137
2181
2179
2191
2155
2147
2147
2124
2122
2104
2107
2091
2073
2063
2061
2052
2047
2032
2030
2005
2012
2001
1989
1963
1968
1943
1896
1858
1857
1871
1858
1844
1852
1848
1831
1825
1795
1805
1799
1794
1785
1776
1766
1778
1767
1739
1738
1724
1731
1734
1693
1694
1718
1685
1690
1684
1679
1666
1684
1673
1657
1649
1656
1641
1624
1629
1603
1625
1610
1598
1604
1606
1594
1593
1569
1587
1564
1569
1569
1553
1561
1543
1543
1546
1524
1562
1534
1528
1517
1537
1520
1511
1501
1504
1486
1498
1479
1498
1479
1485
1462
1477
1465
1465
1460
1465
1462
1464
1450
1463
1435
1439
1435
1438
1423
1428
1424
1439
1443
1409
1404
1394
1377
1388
1414
1405
1415
1398
1408
1406
1411
1402
1422
1396
1406
1403
1403
1400
1402
1396
1404
1415
1388
1387
1396
1396
1390
1398
1375
1403
1392
1400
1395
1383
1366
1373
1378
1375
1377
1379
1360
1380
1353
1363
1371
1359
1370
1366
1368
1370
1345
1346
1354
1349
1351
1344
1338
1350
1322
1322
1301
1286
1291
1298
1291
1296
1310
1305
1305
1315
1313
1300
1312
1313
1321
1302
1312
1309
1308
1302
1290
1305
1306
1289
1307
1316
1305
1294
1298
1310
1295
1311
1313
1312
1307
1315
1308
1317
1291
1319
1304
1306
1300
1312
1313
1296
1296
1307
1306
1312
1322
1301
1314
1309
1311
1318
1304
1298
1307
1321
1323
1315
1313
1327
1331
1324
1326
1322
1330
1322
1328
1320
1329
1319
1314
1336
1319
1337
1347
1347
1324
1337
1354
1330
1338
1324
1321
1347
1354
1337
1347
1354
1347
1358
1355
1342
1376
1376
1372
1363
1356
1371
1366
1372
1361
1387
1389
1366
1364
1372
1376
1396
1382
1386
1405
1412
1414
1396
1396
1403
1413
1426
1398
1412
1433
1408
1412
1423
1438
1415
1430
1433
1430
1449
1449
1432
1411
1428
1440
1440
1479
1489
1495
1511
1504
1510
1518
1524
1529
1539
1536
1531
1558
1552
1566
1556
1562
1559
1589
1584
1576
1575
1602
1613
1595
1602
1607
1631
1619
1624
1619
1618
1612
1620
1652
1639
1644
1673
1663
1695
1789
2042
2518
2530
2537
2541
2558
2571
2575
2581
2586
2609
2616
2622
2623
2645
2649
2610
2541
2527
2514
2510
2499
2489
2479
2460
2451
2443
2424
2415
2417
2407
2394
2392
2373
2357
2361
2341
2330
2329
2328
2303
2300
2294
2282
2279
2312
2317
2326
2339
2344
2362
2370
2388
2400
2423
2413
2428
2445
2471
2477
2485
2499
2517
2531
2559
2563
2587
2587
2600
2638
2671
2690
2708
2728
2743
2767
2782
2795
2823
2850
2867
2882
2903
2921
2952
2980
3013
3043
3167
3197
3232
3233
3241
3221
3246
3281
3275
3248
3236
3237
3231
3228
3225
3200
3194
3198
3178
3168
3177
3170
3168
3149
3156
3143
3129
3124
3124
3131
3118
3097
3096
3093
3079
3083
3071
3067
3061
3058
3045
3051
3051
3042
3023
3043
3021
3035
3011
3016
2997
2999
3013
3005
2984
2985
2972
2979
2990
2963
2979
2962
2972
2962
2958
2965
2951
2968
2953
2935
2938
2944
2938
2927
2926
2923
2923
2916
2918
2919
2906
2919
2904
2893
2909
2902
2892
2893
2898
2896
2893
2891
2888
2894
2892
2882
2886
2886
2877
2883
2877
2866
2870
2884
2884
2865
2865
