4071
4084
4065
4081
4068
4063
4061
4063
4068
4048
4051
4051
4045
4055
4058
4052
4063
4076
4038
4069
4070
4030
4016
3885
3836
3826
3829
3839
3827
3842
3824
3841
3855
3837
3847
3846
239
3842
3840
3854
3861
3854
3840
3860
3877
3882
3897
3883
3883
3882
3895
3883
3905
3896
3906
3888
3920
3900
3927
3930
3903
3910
3897
3928
3914
3918
3931
3924
3937
3950
3941
3939
3945
3959
3959
3950
3976
3977
3978
4004
4001
4000
3996
4016
3998
4058
4112
4144
4170
4308
4308
4326
4333
4344
4333
4358
4353
4349
4369
4379
4401
4379
4380
4403
4413
4428
4427
4433
4446
4455
4474
4482
4487
4497
4495
4522
4521
4533
4547
4544
4531
4523
4573
4596
4602
4499
4454
4464
4516
4656
4678
4672
4700
4706
4719
4735
4743
4727
4732
4781
4797
4797
4822
4833
4853
4858
4858
4894
4899
4931
4924
4941
4956
4975
4995
5005
5018
5031
4995
4923
4938
4948
4910
4937
4912
4888
4867
4857
4892
4914
4902
4927
4955
4972
4987
5003
5028
5047
5074
5089
5094
5112
5137
5169
5188
5203
5230
5238
5277
4973
4672
4668
4684
4680
4681
4683
4689
4283
4086
4055
4024
4042
4049
4082
4538
4729
4752
4748
4751
4774
4772
4785
4798
4802
4805
4816
4817
4819
4828
4845
4827
4864
4861
4868
4867
4893
4897
4914
4916
4923
4948
4943
4960
4978
4985
4987
5004
5017
5028
5027
5040
5058
5065
5084
5103
5112
5119
5134
5146
5155
5177
5169
5199
5203
5229
5245
5243
5258
5262
5296
5313
5297
5332
5349
5354
5360
5340
5392
5397
5418
5421
5444
5456
5469
5480
5499
5537
4727
4716
4480
4507
4626
4604
4222
4228
4250
4237
4218
4192
4184
4159
4137
4115
4087
4071
4038
4012
4006
3999
3975
3936
3903
3928
3937
3940
3965
3979
4002
4027
4049
4072
4073
4104
4128
4137
4161
4173
4192
4233
4242
4282
4291
4304
6461
6447
6444
6436
6433
3434
3435
6419
6427
6398
6394
6388
6384
6380
6376
6372
6363
6380
6354
6350
6355
6352
6359
6352
6341
6341
6337
6327
6326
6343
6333
6320
6318
6324
6333
6318
6313
6314
6307
6307
6312
6321
6310
6311
6301
6302
6297
6297
6310
6290
6299
6292
6317
6289
6301
6299
6297
6304
6292
6302
6304
6307
6315
6307
6313
6320
6313
6329
6317
6309
6313
6313
6336
6319
6340
6328
6340
6347
6346
6338
6344
6345
6351
6348
5550
5393
5185
5049
4918
4638
4514
4515
4520
4517
4519
4529
4536
4534
4547
4547
4546
4561
4553
4561
4566
4569
4571
4577
4578
4587
4620
6151
6175
6168
6120
6026
5947
5902
5822
5786
5786
5803
5815
5826
5824
5828
5844
5856
5887
5885
5887
5879
5823
5852
5841
5854
5879
5890
5877
5896
5914
5936
5923
5930
5963
5953
5968
5984
6003
6021
6025
6037
6045
6074
6064
6096
6104
6136
3574
3540
3528
3526
3543
3509
3377
3333
3349
3337
3363
3349
3371
3383
3358
3391
3391
3402
6544
6554
6579
6597
6613
6629
6634
6679
6687
6703
6728
6745
6761
6786
6807
6832
6840
6863
6881
6902
6928
6949
7000
7022
7042
7063
7079
7117
7123
7167
7196
7185
7231
7253
7276
7302
7320
7352
7389
7402
7432
7472
7488
7536
7563
7584
7624
7624
7673
7703
7721
7800
7816
7837
7888
7929
7967
7999
7981
8040
8079
8139
8158
8193
8250
8275
8309
8356
8403
8431
8476
8522
8553
8583
8684
8724
8775
8834
8889
8860
8883
8907
8966
9006
9063
9116
9164
9107
9156
9185
9267
9324
9368
9428
9468
9561
9586
9747
9889
9965
10124
10143
10229
10318
10354
10434
10492
10565
10638
10686
10737
10702
10686
10655
10611
10575
10501
10492
10484
10465
10435
10408
10392
10358
10334
10316
10274
10270
10238
10218
10200
10167
10132
10159
10140
10119
10088
10082
10049
10020
10002
9951
9943
9937
9922
9898
9893
9851
9843
9819
9826
9798
9773
9772
9752
9726
9729
9681
9667
9691
9679
9673
9675
9667
9604
9606
9584
9563
9506
9481
9488
9488
9451
9351
9373
9342
9318
9332
9312
9298
9290
9297
9259
9260
9255
9238
9209
9219
9222
9212
9260
9268
9257
9247
9254
9228
9232
9219
9255
9290
9291
9268
9259
9237
9224
9223
9213
9201
9188
9192
9191
9201
9189
9176
9180
9177
9177
9159
9175
9163
9143
9158
9136
9139
9138
9144
9135
9130
9123
9185
9175
9162
9153
9144
9145
9153
9143
9140
9135
9129
9123
9122
9153
9154
9145
9151
9145
9147
9139
9145
9168
9156
9164
9172
9167
9146
9156
9166
9186
9162
9225
9235
9227
9222
9224
9217
9220
9229
9164
8657
8332
7560
7365
7241
7456
7322
7160
6992
6995
6991
6694
6592
6454
6321
6192
6062
5843
5851
5845
5778
5483
5416
5322
5262
5160
5086
5008
4919
4841
4683
4693
4692
4661
4605
4538
4323
4297
4256
4188
4151
4098
4026
3994
3918
3888
3851
3799
3764
3702
3672
3573
3580
3587
3580
3540
3499
3489
3322
3162
2976
2938
2917
2898
2877
2837
2785
2786
2760
2722
2710
2683
2664
2635
2624
2602
2571
2526
2547
2501
2475
2460
2438
2430
2411
2385
2366
2352
2433
2486
2452
2438
2426
2406
2398
2371
2354
2346
2315
2310
2311
2269
2267
2258
2238
2219
2236
2199
2193
2181
2175
2169
2136
2133
2137
2137
2143
2144
2153
2148
2153
2147
2125
2110
2117
2118
2073
2078
2066
2072
2053
2036
2033
2024
2004
2002
1995
1993
1968
1951
1939
1936
1876
1847
1854
1858
1834
1847
1850
1841
1819
1826
1815
1798
1793
1781
1801
1765
1771
1773
1757
1753
1750
1741
1731
1729
1699
1720
1683
1712
1686
1686
1690
1684
1682
1672
1642
1655
1629
1644
1638
1626
1601
1625
1611
1617
1607
1604
1587
1602
1587
1584
1568
1576
1554
1552
1555
1547
1544
1552
1538
1536
1530
1507
1516
1539
1521
1510
1522
1494
1493
1490
1492
1499
1487
1485
1483
1464
1480
1468
1471
1467
1456
1444
1451
1451
1443
1440
1435
1454
1441
1436
1436
1417
1434
1410
1419
1399
1391
1375
1394
1415
1405
1422
1427
1420
1426
1418
1414
1411
1397
1402
1410
1425
1416
1417
1410
1405
1394
1382
1398
1397
1398
1398
1409
1386
1392
1387
1402
1384
1393
1396
1376
1390
1374
1388
1384
1374
1383
1377
1366
1366
1358
1364
1369
1367
1359
1355
1346
1349
1351
1357
1368
1345
1332
1346
1343
1311
1303
1292
1300
1290
1303
1303
1325
1324
1312
1312
1324
1320
1315
1295
1312
1314
1312
1314
1309
1326
1313
1316
1318
1324
1317
1314
1313
1311
1322
1330
1314
1294
1317
1308
1301
1314
1320
1319
1315
1309
1313
1311
1324
1310
1311
1318
1310
1321
1317
1302
1321
1310
1322
1324
1319
1314
1333
1312
1322
1314
1317
1339
1341
1327
1332
1310
1337
1324
1346
1323
1331
1322
1328
1350
1333
1333
1348
1350
1342
1345
1338
1363
1350
1352
1350
1365
1350
1358
1360
1356
1357
1370
1372
1357
1372
1371
1366
1360
1379
1384
1396
1387
1391
1377
1392
1396
1386
1396
1392
1393
1397
1410
1423
1414
1410
1417
1417
1417
1427
1432
1421
1428
1443
1437
1430
1429
1445
1447
1441
1446
1453
1444
1454
1450
1436
1446
1467
1480
1502
1533
1526
1500
1521
1521
1523
1528
1531
1541
1545
1539
1560
1565
1577
1563
1587
1593
1597
1604
1590
1604
1618
1617
1617
1607
1620
1629
1614
1636
1615
1636
1639
1647
1668
1669
1647
1669
1681
1677
1667
1659
1640
1639
1659
1689
1699
1697
1687
1710
1718
1727
1720
1744
1728
1759
1745
1774
1766
1771
1782
1787
1787
1806
1810
1821
1830
1846
1845
1851
1862
1869
1874
1894
1902
1907
1898
1930
1932
1951
1953
1962
1980
1960
2000
2009
2000
2012
2021
2045
2048
2054
2081
2085
2094
2085
2124
2114
2123
2149
2157
2176
2178
2183
2208
2224
2248
2240
2231
2233
2314
2352
2368
2396
2410
2434
2465
2465
2479
2496
2499
2518
2525
2550
2567
2664
3381
3350
3352
3341
3342
3349
3326
3317
3314
3313
3294
3299
3287
3278
3329
3349
3380
3396
3437
3455
3495
3508
3560
3598
3622
3636
3720
3755
3816
3862
3882
3950
3988
4047
4074
4262
4325
4330
4337
4359
4346
4329
4326
4314
4310
4297
4296
4284
4284
4300
4280
4266
4260
4260
4238
4258
4249
4238
4223
4229
4211
4220
4208
4192
4210
4188
4194
4180
4176
4182
4172
4158
4164
4158
4155
4144
4164
4133
4130
4131
4137
4126
4139
4133
257
4109
4117
4114
4104
4106
4110
4104
4097
4103
4100
4096
4100
4100
4089
4083
4067
4104
4088
4075
4070
4063
4063
4063
4072
4086
