4806
4803
4798
4795
4794
4798
4801
4801
4790
4785
4778
4783
4789
4787
4788
4788
4787
4786
4788
4788
4791
4784
4790
4785
4787
299
4811
4889
4894
4896
4883
4895
4897
4896
4885
4898
4897
4909
4939
4969
4965
4980
4984
4983
4997
4988
4995
5002
5009
5002
4996
5008
5015
4968
4966
4989
4989
5002
5009
5006
5014
5022
5020
5029
5020
5040
5038
5051
5042
5062
5049
5066
5069
5084
5094
5079
5090
5099
5100
5102
5101
5112
5131
5123
5147
5145
5156
5164
5161
5160
5200
5196
5229
5237
5236
5243
5248
5250
5282
5292
5290
5295
5313
5320
5331
5284
5308
5331
5326
5356
5346
5375
5363
5384
5395
5396
5418
5435
5444
5431
5457
5459
5472
5496
5491
5512
5523
5515
5559
5569
5588
5602
5603
5635
5618
5653
5656
5698
5704
5754
5766
5777
5783
5818
5821
5835
5842
5863
5843
5830
5881
5893
5906
5916
5944
5961
5982
5994
6013
6043
6054
6089
6096
6129
6135
6149
6169
6201
6207
6226
6251
6273
6301
6309
6357
6389
6419
6457
6479
6502
6518
6548
6570
6551
6522
6538
6563
6594
6619
6641
6670
6706
6722
6760
6771
6806
6829
6878
6905
6920
6955
6987
7023
7063
7083
7133
7152
7184
7222
7256
7308
7336
7381
7411
7518
7594
7639
7668
7701
7738
7728
7784
7813
7869
7924
7949
7994
8029
8089
8126
8182
8216
8276
8333
8367
8485
8549
8594
8632
8654
8666
8744
8814
8868
8925
8981
9055
9098
9163
9226
9287
9339
9491
9557
9628
9680
9674
9777
9864
9926
10018
10097
10185
10242
10325
10375
10585
10656
10854
11469
11456
11444
11520
11633
11732
11859
12009
12144
12344
12473
12484
12462
12438
12407
12388
12389
12348
12323
12297
12300
12270
12246
12224
12202
12196
12148
12128
12120
12094
12091
12074
12052
12035
11998
11996
11956
11942
11925
11930
11654
11632
11620
11603
11612
11577
11563
11560
11532
11514
11519
11487
11475
11439
11472
11438
11438
11417
11410
11392
11402
11479
11457
11529
11618
11607
11604
11584
11597
11550
11552
7276
7380
7543
7818
7819
11521
11489
0
7798
5596
5620
5614
5351
5337
5325
11460
5517
5498
5487
5483
5483
5720
5851
10095
10081
10225
10559
10820
10936
10929
10764
7983
10605
10568
10546
10515
10491
10462
10428
10416
10381
8705
8493
8479
8464
8444
8423
8406
8396
8383
8363
8355
8326
8326
8322
8786
8761
8756
8721
8728
9097
9922
9898
9888
9858
9848
9818
6564
6326
6192
6257
6486
6502
6497
6515
6514
6517
6516
6517
6532
6542
6540
6503
6315
6318
6318
6323
6331
6338
6345
6453
6608
6557
6400
6373
6458
6634
6629
6512
6411
6369
6353
9854
9583
9453
9315
9164
9045
8916
8776
8673
8572
8441
8351
5629
5653
5901
5827
5736
5698
5620
5561
5513
5455
5400
4974
5022
5098
5035
5015
4946
4892
4851
4805
4754
4762
4751
4766
4764
4683
4618
4583
4551
4521
4416
4407
4371
4320
4293
4261
4216
4191
4146
4114
4092
4058
4023
3982
3964
3925
3889
3867
3848
3807
3778
3777
3703
3740
3742
3712
3671
3636
3611
3577
3549
3533
3506
3479
3479
3387
3396
3375
3353
3364
3330
3310
3306
3288
3258
3241
3226
3201
3184
3157
3146
3142
3115
3089
3087
3061
3051
3038
3006
3016
2999
2976
2969
2953
2937
2914
2896
2894
2872
2854
2844
2835
2837
2820
2770
2773
2796
2800
2794
2775
2765
2749
2719
2717
2701
2688
2673
2671
2652
2643
2636
2626
2625
2611
2606
2600
2596
2586
2561
2529
2527
2524
2521
2509
2501
2494
2490
2482
2469
2461
2471
2466
2445
2431
2421
2431
2416
2405
2401
2395
2383
2374
2379
2371
2357
2352
2346
2348
2327
2335
2327
2330
2310
2301
2288
2291
2289
2284
2274
2266
2268
2263
2245
2247
2248
2241
2215
2225
2235
2215
2231
2228
2200
2213
2194
2202
2195
2198
2179
2188
2179
2170
2151
2154
2157
2157
2148
2143
2128
2132
2137
2154
2152
2154
2142
2134
2131
2134
2124
2125
2097
2107
2093
2100
2096
2091
2094
2084
2085
2086
2091
2061
2084
2085
2080
2063
2078
2063
2062
2049
2068
2071
2052
2062
2064
2055
2048
1987
1982
1979
1994
1970
1983
1980
1996
1974
1973
1979
1955
1958
1958
1966
1961
1957
1958
1971
1970
1966
1953
1965
1952
1963
1944
1955
1964
1929
1956
1931
1941
1931
1949
1954
1932
1908
1869
1870
1858
1862
1858
1840
1873
1854
1861
1839
1854
1851
1865
1854
1852
1859
1868
1869
1850
1860
1859
1862
1849
1875
1873
1860
1865
1868
1868
1879
1879
1873
1879
1891
1882
1878
1875
1873
1882
1877
1892
1872
1888
1881
1876
1881
1884
1896
1896
1903
1891
1911
1886
1896
1899
1907
1927
1921
1922
1920
1933
1913
1908
1921
1933
1939
1934
1938
1929
1951
1957
1932
1966
1961
1962
1958
1963
1974
1960
1974
1976
1984
1970
1977
1979
1992
1945
2049
2063
2068
2073
2074
2082
2076
2085
2088
2080
2090
2095
2111
2092
2111
2099
2127
2118
2128
2155
2199
2208
2216
2201
2211
2181
2199
2224
2224
2229
2241
2225
2251
2254
2253
2262
2265
2263
2275
2291
2297
2306
2326
2310
2316
2318
2329
2335
2346
2343
2360
2360
2366
2375
2374
2390
2396
2401
2402
2406
2413
2419
2435
2435
2454
2449
2467
2459
2480
2484
2492
2499
2514
2524
2521
2547
2531
2542
2553
2564
2568
2571
2593
2600
2615
2620
2629
2636
2646
2642
2654
2707
2736
2743
2740
2727
2709
2719
2698
2689
2683
2678
2658
2645
2628
2616
2612
2602
2585
2569
2558
2536
2526
2511
2493
2490
2480
2427
2431
2418
2416
2411
2398
2390
2383
2375
2361
2369
2354
2352
2349
2329
2322
2321
2305
2309
2293
2292
2279
2269
2283
2248
2247
2258
2244
2240
2238
2217
2213
2200
2206
2197
2159
2172
2182
2158
2169
2168
2153
2144
2139
2128
2134
2114
2109
2115
2104
2096
2101
2079
2089
2074
2063
2071
2068
2075
2067
2049
2048
2042
2050
2044
2030
2035
2023
2016
2012
2005
1993
1992
2001
2022
2025
2027
2011
2010
2016
2012
1998
2007
2014
1998
2001
1972
1985
1966
1989
1987
1974
1968
1959
1954
1970
1952
1956
1949
1953
1948
1898
1918
1943
1932
1923
1917
1928
1911
1923
1887
1895
1906
1909
1893
1896
1901
1883
1854
1855
1859
1869
1868
1867
1874
1869
1858
1858
1866
1868
1862
1863
1865
1855
1843
1845
1864
1854
1859
1844
1862
1868
1846
1855
1835
1847
1833
1840
1842
1836
1851
1845
1848
1842
1857
1845
1841
1837
1835
1848
1830
1844
1849
1828
1839
1827
1829
1830
1834
1837
1842
1838
1841
1813
1847
1838
1845
1848
1829
1834
1840
1851
1834
1847
1840
1855
1834
1852
1861
1860
1852
1856
1865
1841
1840
1844
1863
1853
1854
1870
1860
1861
1863
1877
1865
1881
1859
1880
1886
1883
1874
1887
1881
1883
1893
1881
1860
1873
1856
1872
1901
1920
1918
1921
1939
1936
1938
1925
1945
1947
1958
1947
1947
1967
1952
1972
1959
1944
1965
1979
1966
1958
1975
1979
1969
1987
1970
1981
1999
1978
1997
1995
1988
2000
2008
2006
2003
2014
2018
2025
2012
2023
2018
2020
1996
1970
1976
1975
1986
1998
1996
1979
2002
1993
2007
2004
2006
2013
2036
2047
2030
2035
2036
2044
2055
2067
2062
2071
2087
2077
2089
2102
2084
2109
2119
2121
2026
2042
2047
2054
2064
2074
2080
2073
2071
2096
2089
2113
2096
2120
2125
2136
2130
2136
2157
2145
2160
2168
2184
2179
2181
2193
2196
2215
2217
2225
2231
2247
2253
2267
2289
2305
2276
2298
2311
2318
2325
2321
2338
2347
2357
2379
2377
2385
2394
2418
2416
2426
2435
2449
2442
2476
2478
2473
2585
2635
2631
2650
2665
2668
2689
2696
2712
2734
2740
2754
2825
2910
2923
2937
2949
2952
2971
2967
2996
3008
3014
3032
3040
3065
3071
3109
3092
3100
3143
3161
3192
3214
3220
3246
3265
3293
3314
3334
3354
3388
3414
3423
3453
3475
3507
3521
3531
3568
3603
3615
3660
3693
3702
3733
3772
3780
3823
3938
3958
3965
3990
4018
4042
4083
4121
4149
4133
4230
4253
4317
4362
4383
4435
4475
4518
4561
4603
4642
4690
4736
4790
4848
4878
4883
5055
5092
5133
5173
5254
5264
5257
5237
5226
5217
5213
5198
5206
5183
5190
5169
5166
5161
5144
5130
5153
5133
5134
5123
5109
5107
5099
5104
5089
5084
5083
5071
5064
5058
5050
5060
5055
5045
5049
5021
5024
5037
4999
4997
5039
5020
4968
4948
4932
4941
4936
4938
4936
4925
4923
4922
4931
4913
4905
4853
4822
4813
4816
4817
4818
4813
4808
4813
