3002
2997
3005
3009
3012
3003
2993
3000
2999
2998
2984
2992
2997
2994
2997
3000
2997
2996
2987
2995
3002
3006
3008
187
2992
3012
3007
3007
3010
3008
3009
3011
3000
3018
3008
3019
3008
3018
3022
3025
3028
3021
3032
3022
3014
3024
3034
3039
3044
3033
3047
3040
3040
3040
3040
3017
3022
3087
3091
3089
3090
3091
3106
3119
3116
3113
3110
3109
3122
3121
3116
3125
3129
3134
3133
3131
3132
3128
3130
3133
3140
3131
3147
3145
3138
3093
3107
3104
3102
3116
3135
3118
3123
3138
3134
3136
3158
3161
3155
3152
3176
3172
3199
3190
3178
3090
3128
3145
3154
3152
3163
3150
3179
3172
3172
3180
3188
3197
3201
3199
3217
3228
3224
3217
3250
3260
3256
3267
3263
3268
3297
3278
3316
3311
3326
3325
3340
3335
3360
3358
3354
3376
3367
3384
3398
3412
3404
3417
3421
3444
3485
3552
3572
3584
3588
3608
3609
3640
3635
3648
3651
3671
3680
3731
3824
3837
3853
3846
3866
3863
3882
3897
3898
3912
3922
3926
3948
3962
3974
3985
3972
4011
4021
4030
4070
4087
4107
4115
4117
4143
4159
4175
4208
4216
4243
4245
4285
4292
4312
4330
4358
4371
4394
4416
4434
4459
4474
4516
4521
4544
4558
4627
4664
4681
4705
4714
4736
4746
4770
4803
4828
4851
4883
4863
4934
4959
4990
5024
5049
5062
5105
5131
5165
5190
5237
5262
5301
5329
5356
5401
5435
5470
5507
5516
5530
5660
5689
5727
5752
5797
5839
5867
5885
5852
5808
5812
5798
5786
5762
5751
5750
5729
5715
5703
5691
5677
5670
5660
5636
5633
5632
5623
5587
5567
5578
5556
5542
5542
5529
5516
5514
5507
5485
5456
5485
5479
5398
5391
5372
5368
5360
5339
5344
5333
5321
5316
5273
5201
5200
5208
5201
5190
5176
5170
5177
5169
5176
5153
5146
5135
5116
5126
5126
5118
5103
5094
5077
5094
5071
5062
5076
5064
5055
5035
5035
5039
5028
5027
5070
5096
5092
5078
5083
5081
5078
5077
5068
5072
5069
5071
5053
5132
5125
5117
5121
5128
5119
5131
5120
5126
5112
5098
5100
5093
5084
5056
5046
5061
5057
5077
5063
5060
5053
5054
5054
5048
5057
5055
5059
5046
5054
5059
5050
5042
5052
5035
5048
5052
5052
5065
5048
5056
5055
5051
5057
5065
5062
5063
5046
5042
5059
5063
5053
5063
5100
5106
5104
5117
5096
5115
5134
5116
5128
5140
5137
5146
5128
5138
5135
5101
5097
5118
5106
5116
5132
5143
5137
5147
5154
5151
5144
5159
5170
5159
5191
5188
5181
5205
5204
5211
5219
5230
5213
5223
5240
5235
5254
5264
5243
5261
5270
5276
5304
5297
5285
5295
5340
5355
5369
5362
5387
5395
5407
5410
5418
5422
5438
5437
5457
5411
5421
5442
5473
5466
5467
5496
5501
5503
5516
5525
5546
5548
5568
5591
5573
5590
5598
5617
5634
5646
5661
5660
5681
5683
5688
5728
5737
5745
5750
5753
5804
5802
5856
5879
5875
5895
5912
5944
5958
5970
5984
5976
5940
5913
5949
5945
5970
5997
6015
6021
6033
6064
6055
6008
6025
6032
6054
6071
6082
6124
6146
6151
6192
6200
6218
6259
6261
6280
6305
6322
6352
6372
6399
6415
6429
6569
6599
6609
6641
6658
6727
6836
6868
6876
6902
6926
6949
6963
6957
6996
7043
7068
7104
7134
7164
7191
7221
7242
7300
7322
7352
7407
7421
7464
7482
7528
7532
7663
7670
7752
7767
7786
7834
7820
7883
7921
7945
8009
8046
8106
8149
8188
8233
8272
8318
8366
8417
8447
8573
8633
8689
8737
8768
8754
8841
8895
8957
9028
9078
9113
9201
9240
9320
9370
9442
9563
9629
9705
9831
10552
10528
10507
10479
10501
10580
10664
10749
10826
10961
11066
11165
11299
11455
11501
11488
11457
11437
11411
11386
11355
11348
11309
11293
11248
11263
11220
11194
11167
11161
11152
11129
11089
11082
11060
11034
11021
10995
10969
10965
10939
10919
10908
10882
10869
10690
10590
10561
10554
10532
10516
10502
10493
10469
10466
10443
10428
10417
10401
10388
10348
10350
10362
10338
10324
10314
10307
10283
10298
10371
10365
10521
10524
10495
10485
10490
10463
10456
10426
10444
10422
10427
4495
4486
4473
4422
4428
4415
4427
10333
10354
10345
10342
4462
4453
4443
4472
4552
10296
10294
10289
10283
10271
9761
8953
8954
9074
10081
10006
9999
9980
9985
6822
6851
9450
9432
9394
9397
9349
9343
9310
9296
9266
7358
7348
7327
7323
7298
7302
7270
7256
7243
7231
7218
7201
7198
7181
7169
7154
7140
7115
7176
7588
7565
7555
7563
7526
7652
7922
7762
7854
8684
8236
8003
5421
5305
5115
5026
5071
5199
5334
5345
5353
5357
5356
5349
5362
5365
5365
5366
5392
5379
5386
5276
5159
5157
5164
5154
5170
5158
5194
5199
5190
5438
5453
5357
5281
5218
5222
5442
5491
5421
5341
5261
5283
5199
5218
8211
8115
8013
7899
7791
7704
7597
7507
7412
7320
7242
7181
7087
7026
6934
4797
4806
4710
4493
4474
4460
4397
4332
4291
4242
4188
4155
4088
4048
4014
3990
3964
3906
3906
3857
3978
3979
3943
3896
3873
3843
3815
3768
3749
3712
3698
3655
3680
3666
3666
3700
3671
3611
3584
3549
3532
3507
3461
3480
3446
3407
3355
3333
3322
3307
3286
3258
3254
3209
3198
3187
3163
3138
3132
3108
3090
3086
3053
3034
3027
2992
2986
2975
2963
2943
2923
2900
2891
2886
2865
2853
2830
2819
2798
2800
2781
2765
2752
2714
2702
2749
2723
2716
2709
2688
2664
2659
2648
2629
2613
2598
2590
2594
2575
2563
2558
2542
2529
2521
2521
2511
2510
2449
2447
2455
2447
2431
2425
2418
2406
2392
2393
2390
2379
2371
2364
2346
2358
2342
2324
2323
2307
2303
2297
2292
2297
2288
2265
2262
2259
2243
2243
2244
2234
2228
2220
2213
2206
2206
2185
2188
2183
2170
2163
2151
2155
2151
2143
2141
2134
2135
2119
2113
2123
2099
2118
2104
2089
2097
2092
2080
2075
2066
2047
2055
2054
2049
2049
2035
2031
2026
2031
2022
1999
2001
2027
2040
2043
2029
2027
2029
2014
2020
2010
1996
1992
1995
1989
1994
1986
1982
1958
1956
1962
1972
1970
1961
1945
1953
1959
1939
1957
1942
1940
1939
1953
1937
1946
1936
1943
1943
1940
1933
1908
1910
1882
1886
1905
1896
1896
1903
1897
1910
1900
1896
1884
1870
1887
1894
1899
1874
1885
1890
1866
1868
1876
1893
1880
1866
1864
1880
1867
1860
1886
1866
1891
1867
1877
1878
1859
1875
1876
1877
1866
1846
1871
1868
1849
1879
1858
1860
1877
1861
1865
1868
1841
1848
1856
1846
1856
1861
1862
1845
1854
1866
1873
1858
1854
1862
1866
1866
1878
1857
1877
1885
1859
1863
1855
1861
1868
1863
1871
1884
1880
1863
1867
1865
1869
1875
1899
1874
1872
1895
1880
1901
1892
1867
1886
1901
1902
1892
1903
1893
1874
1888
1916
1931
1939
1936
1935
1947
1938
1938
1944
1953
1937
1916
1951
1938
1936
1938
1954
1938
1967
1950
1955
1944
1963
1976
1961
1976
1981
1991
1996
2002
2001
2002
2003
2010
2016
2034
2022
2040
2027
2027
1999
1977
1978
1977
1956
1965
2003
1993
1984
2006
1993
2005
2018
2018
2013
2020
2020
2028
2030
2029
2045
2026
2033
2059
2052
2068
2068
2080
2079
2084
2090
2087
2104
2102
2105
2109
2121
2111
2134
2126
2124
2051
2065
2071
2082
2086
2095
2091
2105
2118
2111
2113
2123
2128
2133
2132
2146
2148
2172
2177
2190
2180
2182
2193
2216
2209
2215
2233
2240
2252
2262
2264
2269
2270
2306
2293
2297
2304
2322
2337
2342
2343
2358
2374
2390
2384
2387
2402
2416
2431
2446
2453
2463
2462
2479
2502
2509
2499
2639
2639
2666
2679
2686
2699
2717
2750
2807
2801
2847
2859
2880
2889
2915
2917
2944
2954
2972
2980
2992
3015
3023
3046
3074
3083
3096
3112
3179
3147
3171
3182
3212
3218
3260
3256
3294
3303
3344
3345
3360
3394
3413
3433
3439
3459
3553
3560
3562
3527
3527
3527
3518
3502
3505
3478
3486
3490
3466
3451
3439
3428
3419
3418
3389
3391
3387
3384
3346
3321
3317
3323
3306
3313
3308
3299
3300
3302
3285
3276
3272
3266
3252
3250
3241
3256
3246
3224
3215
3213
3233
3202
3194
3188
3208
3193
3195
3190
3169
3163
3169
3158
3147
3153
3140
3155
3137
3144
3129
3124
3120
3115
3109
3110
3098
3100
3095
3089
3079
3063
3083
3060
3065
3054
3057
3081
3101
3084
3094
3086
3094
3084
3086
3077
3079
3083
3083
3081
3057
3075
3068
3051
3053
235
3046
3050
3032
3040
3039
3028
3041
3033
3018
3022
2996
2994
2993
3000
2999
2992
3003
