3021
3022
3031
3026
3030
3013
3024
3023
3020
3002
3021
3025
3022
3034
3029
3021
3027
3021
3034
3021
3035
3042
3041
3038
3039
3033
3027
3030
3035
3034
3037
3046
3059
3058
3043
3046
3058
191
3058
3051
3053
3063
3074
3063
3068
3059
3074
3069
3060
3050
3091
3111
3105
3113
3108
3109
3118
3124
3105
3112
3121
3128
3124
3124
3134
3123
3140
3136
3145
3152
3169
3162
3180
3192
3187
3141
3104
3115
3133
3121
3143
3134
3135
3139
3157
3155
3155
3160
3159
3187
3172
3188
3183
3190
3206
3199
3208
3206
3219
3231
3218
3202
3167
3187
3173
3177
3175
3207
3189
3210
3198
3209
3227
3214
3237
3249
3245
3268
3265
3275
3271
3282
3294
3299
3303
3313
3319
3334
3341
3353
3354
3353
3396
3377
3393
3403
3417
3427
3439
3427
3442
3458
3470
3482
3486
3501
3595
3591
3626
3642
3631
3674
3661
3678
3743
3779
3764
3782
3813
3824
3824
3846
3856
3863
3893
3902
3906
3934
3925
3940
3973
3975
4009
4022
4031
4047
4055
4064
4096
4101
4126
4138
4169
4176
4191
4208
4229
4239
4255
4270
4295
4296
4377
4407
4389
4377
4361
4328
4335
4314
4298
4275
4268
4237
4219
4194
4188
4151
4080
4098
4088
4069
4056
4045
4020
4029
4006
4003
3998
3966
3949
3957
3935
3920
3916
3881
3888
3858
3851
3836
3819
3802
3811
3812
3794
3757
3754
3739
3741
3736
3735
3715
3695
3676
3672
3669
3645
3634
3629
3676
3661
3632
3650
3630
3633
3604
3619
3595
3598
3593
3563
3565
3545
3557
3532
3519
3507
3487
3494
3488
3479
3441
3450
3441
3429
3414
3432
3427
3421
3411
3407
3381
3389
3363
3385
3369
3375
3363
3374
3344
3337
3338
3333
3321
3325
3313
3316
3309
3304
3310
3292
3301
3283
3284
3294
3285
3265
3267
3254
3252
3263
3263
3242
3256
3241
3236
3236
3223
3224
3238
3225
3218
3211
3215
3188
3186
3181
3238
3228
3224
3227
3232
3224
3210
3220
3212
3226
3221
3198
3193
3207
3208
3195
3191
3186
3174
3172
3176
3171
3179
3179
3163
3166
3170
3150
3104
3105
3111
3105
3104
3109
3108
3109
3100
3104
3103
3115
3088
3111
3104
3096
3108
3070
3003
3019
3009
3011
3022
3016
3020
3019
3017
3018
3028
3014
3042
3018
3017
3024
3012
3035
3031
3030
3030
3031
3048
3032
3040
3035
3039
3041
3028
3054
3042
3055
3048
3057
3062
3054
3067
3067
3065
3049
3078
3069
3063
3084
3073
3097
3102
3085
3091
3104
3098
3105
3103
3099
3161
3205
3198
3210
3197
3203
3215
3220
3216
3212
3233
3233
3248
3238
3241
3251
3239
3275
3267
3289
3352
3358
3368
3374
3393
3396
3393
3414
3406
3399
3413
3398
3425
3422
3416
3427
3426
3438
3440
3459
3449
3452
3448
3444
3447
3491
3498
3491
3513
3511
3512
3538
3551
3545
3551
3566
3567
3565
3590
3597
3614
3613
3638
3623
3631
3653
3661
3656
3672
3672
3709
3713
3728
3723
3747
3745
3764
3789
3778
3790
3812
3811
3833
3846
3845
3863
3878
3847
3944
3955
3973
3970
3997
4008
4009
4030
4036
4046
4052
4072
4064
4082
4088
4121
4138
4120
4124
4170
4193
4195
4215
4261
4270
4266
4290
4317
4323
4337
4364
4392
4397
4403
4441
4466
4479
4490
4508
4534
4554
4565
4596
4624
4642
4670
4670
4697
4697
4802
4815
4837
4855
4869
4896
4896
4930
4963
5003
5004
4995
4915
4930
4906
4898
4880
4867
4854
4839
4816
4804
4774
4782
4760
4745
4729
4724
4705
4689
4677
4662
4647
4637
4635
4612
4591
4581
4580
4563
4553
4547
4521
4511
4491
4473
4498
4495
4423
4398
4381
4379
4354
4365
4342
4339
4331
4318
4327
4294
4192
4188
4194
4166
4183
4142
4146
4143
4136
4126
4122
4125
4108
4107
4081
4077
4066
4066
4066
4052
4046
4031
4036
4029
4011
4002
4007
4007
3979
3990
3970
3966
3972
3948
3954
3955
3952
3944
4001
3995
3996
3990
3977
3980
3983
3976
3971
3971
3957
3938
3951
3947
3953
3938
3978
4006
4000
4019
3999
4013
4013
3991
4011
3990
3992
3966
3985
3971
3958
3953
3953
3957
3954
3912
3923
3929
3929
3918
3911
3919
3899
3913
3908
3911
3899
3910
3908
3910
3903
3908
3908
3914
3905
3907
3879
3896
3892
3892
3904
3908
3900
3893
3895
3897
3882
3887
3889
3889
3892
3868
3903
3881
3881
3896
3877
3898
3896
3895
3904
3890
3896
3863
3886
3928
3933
3941
3917
3939
3947
3946
3952
3972
3960
3963
3970
3954
3960
3961
3967
3965
3961
3958
3953
3915
3913
3960
3933
3953
3956
3957
3971
3985
3968
3989
3973
3974
3986
3991
4007
3997
4016
3995
3994
4006
4024
4031
4028
4029
4027
4044
4045
4061
4060
4079
4090
4063
4089
4105
4110
4110
4109
4137
4125
4141
4119
4147
4137
4146
4143
4183
4200
4207
4218
4238
4235
4242
4270
4273
4272
4285
4283
4303
4304
4298
4314
4322
4297
4284
4312
4333
4348
4346
4359
4372
4371
4391
4385
4411
4418
4422
4441
4450
4457
4470
4482
4494
4503
4518
4521
4546
4549
4563
4570
4585
4591
4621
4613
4636
4653
4660
4675
4689
4695
4713
4758
4771
4794
4820
4836
4841
4877
4884
4901
4913
4918
4942
4942
4908
4906
4914
4936
4938
4969
4977
5007
5019
5050
5072
5087
5061
5014
5038
5054
5083
5074
5103
5119
5150
5167
5220
5196
5229
5259
5277
5313
5314
5353
5378
5412
5429
5467
5474
5593
5653
5663
5693
5713
5733
5827
5907
5955
5977
5990
6015
6036
6067
6041
6117
6126
6158
6210
6258
6273
6322
6358
6381
6421
6451
6493
6536
6569
6604
6654
6696
6717
6846
6887
6930
6955
7001
7016
7013
7077
7132
7180
7239
7299
7344
7386
7438
7485
7552
7595
7658
7700
7849
7901
7976
7997
8017
8084
8158
8205
8281
8358
8417
8500
8568
8646
8723
8739
8972
9046
9239
9844
9815
9823
9923
10013
10095
10217
10363
10476
10646
10856
10883
10861
10836
10831
10809
10785
10776
10753
10749
10729
10701
10676
10676
10662
10634
10627
10617
10587
10577
10572
10562
10530
10526
10505
10491
10481
10460
10457
10445
10419
10409
10406
10405
10384
10356
10111
10088
10078
10083
10069
10062
10047
10041
10036
10038
10002
10009
9972
10002
9974
9976
9952
9941
9953
9935
9922
9923
9938
9922
9995
10015
10022
10153
10122
10147
10133
10139
10132
10104
10126
10122
10115
10104
10108
10093
10095
10101
10083
10076
9939
9952
10070
10077
10074
10066
10065
10053
10054
10050
10035
10033
10050
10061
10070
10063
10052
10073
9985
9973
8814
8777
8793
9828
9837
9835
9832
9753
9356
4275
4271
4269
4305
4235
4235
4245
4233
4241
6711
6704
4344
4313
4299
4299
4280
7528
7307
7292
7282
7275
7271
7254
7255
7249
7238
7224
7230
7220
7196
7204
7184
7188
7188
7155
7166
7272
7619
7597
7603
7689
8734
8602
8466
8704
8683
8678
8654
8656
8635
8626
8618
8602
8603
8633
9491
9266
9249
9416
10403
5554
5538
5461
5397
5319
5251
5189
5172
5300
5516
5514
5534
5550
5566
5559
5582
5577
5582
5609
5523
5482
5412
5380
5390
5412
5426
5436
5441
5452
5492
5654
5596
5536
5516
5504
5730
5688
5662
5601
5602
5573
5533
5573
7371
7320
7273
7204
7143
7093
7063
7003
6948
6912
6862
6839
6789
6733
6699
6647
6605
5347
5209
5167
5137
5109
4949
4927
4893
4869
4816
4800
4784
4758
4732
4699
4666
4666
4633
4591
4578
4561
4519
4519
4477
4461
4428
4405
4389
4475
4460
4438
4425
4391
4380
4361
4323
4314
4298
4278
4257
4231
4262
4266
4280
4264
4258
4216
4199
4170
4159
4143
4130
4099
4096
4094
4081
4005
4006
3996
3978
3978
3945
3957
3944
3904
3906
3895
3872
3864
3852
3840
3827
3811
3802
3790
3754
3756
3741
3740
3735
3723
3711
3680
3670
3671
3655
3638
3623
3633
3620
3599
3577
3595
3554
3547
3539
3512
3568
3542
3543
3528
3499
3508
3497
3477
3479
3480
3456
3447
3434
3438
3420
3428
3417
3408
3404
3410
3392
3350
3346
3330
3349
3338
3345
3320
3316
3300
3287
3295
3286
3291
3283
3279
3271
3259
3252
3256
3240
3225
3229
3224
3220
3216
3216
3208
3221
3198
3199
3190
3189
3177
3179
3183
3172
3159
3157
3156
3157
3136
3136
3145
3146
3119
3131
3119
3117
3116
3113
3107
3088
3085
3102
3079
3078
3083
3112
3100
3095
3098
3094
3093
3077
3083
3076
3070
3063
3076
3064
3060
3055
3060
3068
3047
3049
3058
3058
3066
3056
3059
3052
3032
3019
3031
3044
3018
3036
3031
3028
3036
3028
3037
3034
3025
