4251
4252
4249
4243
4248
4245
4225
4254
4237
4233
4244
4231
4246
4242
4237
4238
4238
4236
4242
4252
4249
4255
4252
4258
4260
4251
4265
4263
4268
4273
4271
4263
4268
4264
4270
4267
4268
4268
4266
4273
4313
4311
4307
4304
4319
4318
4312
4312
4320
4324
4330
4330
4344
4338
4339
4350
4368
4353
4300
4299
4300
4296
4316
4330
4310
4319
4322
4329
4351
4339
4347
4348
4355
4362
4362
4383
4384
4321
4306
4321
4331
4352
4345
4352
4353
4356
4364
4375
4385
4394
4399
4396
4412
4414
4433
4414
4440
4441
4450
4456
4464
4471
4483
4489
4480
4506
4521
4522
4528
4547
4551
4551
4600
4661
4675
4679
4694
4704
4714
4733
4803
4815
4800
4836
4837
4857
4869
4883
4887
4901
4921
4928
4942
4947
4976
4990
4995
5002
5010
5040
5047
5057
5072
5092
5109
5121
5138
5153
5156
5184
5178
5215
5215
5245
5275
5327
5322
5313
5284
5248
5229
5183
5167
5126
5084
5048
4978
4964
4949
4921
4892
4869
4841
4819
4791
4778
4752
4720
4699
4684
4665
4646
4631
4597
4571
4547
4524
4513
4484
4469
4447
4438
4411
4363
4403
4392
4386
4373
4355
4324
4311
4308
4275
4256
4243
4230
4205
4174
4149
4108
4104
4075
4090
4051
4057
4042
4030
4026
4009
3978
3984
3960
3937
3934
3922
3923
3896
3876
3876
3852
3855
3847
3834
3792
3799
3802
3795
3769
3770
3750
3725
3724
3719
3703
3700
3680
3685
3650
3646
3639
3649
3656
3670
3641
3660
3631
3639
3619
3614
3608
3601
3579
3560
3569
3548
3537
3535
3501
3501
3487
3491
3440
3416
3416
3404
3414
3380
3389
3381
3365
3385
3375
3364
3352
3303
3251
3259
3237
3232
3241
3229
3230
3210
3229
3208
3207
3209
3202
3202
3189
3177
3178
3188
3167
3164
3149
3146
3159
3137
3137
3137
3130
3136
3137
3124
3131
3111
3124
3104
3102
3111
3100
3096
3084
3085
3088
3096
3069
3072
3068
3072
3073
3064
3067
3060
3049
3120
3152
3139
3149
3130
3143
3140
3145
3133
3146
3128
3146
3114
3131
3113
3123
3111
3104
3119
3125
3126
3108
3123
3263
3188
3181
3190
3205
3184
3185
3182
3185
3190
3176
3170
3184
3168
3163
3170
3158
3170
3162
3168
3160
3170
3161
3171
3156
3161
3161
3165
3149
3149
3143
3154
3159
3155
3164
3176
3166
3169
3170
3186
3184
3183
3186
3188
3191
3186
3202
3189
3193
3203
3224
3195
3200
3214
3222
3230
3208
3216
3211
3220
3226
3230
3240
3228
3246
3239
3246
3253
3271
3265
3264
3276
3282
3278
3280
3273
3298
3288
3299
3298
3309
3314
3318
3309
3314
3302
3325
3354
3379
3391
3377
3392
3386
3422
3404
3397
3416
3416
3415
3414
3416
3436
3433
3436
3437
3444
3447
3475
3471
3482
3493
3445
3470
3498
3505
3507
3522
3536
3533
3547
3547
3564
3565
3575
3587
3606
3605
3607
3615
3643
3638
3659
3654
3670
3679
3705
3693
3711
3709
3733
3743
3748
3770
3771
3781
3785
3803
3813
3820
3832
3841
3859
3850
3873
3873
3872
3959
3975
3963
3981
3999
3992
4013
4034
4039
4035
4055
4062
4092
4113
4111
4127
4147
4111
4033
4039
4039
4012
3988
3969
3955
3924
3910
3899
3884
3864
3850
3828
3824
3808
3789
3772
3760
3726
3712
3719
3678
3666
3661
3658
3619
3626
3596
3571
3569
3549
3552
3535
3493
3484
3496
3421
3398
3397
3381
3367
3344
3338
3326
3321
3316
3299
3282
3270
3242
3170
3139
3145
3122
3136
3114
3115
3110
3078
3081
3073
3042
3051
3044
3022
3026
2996
2997
2996
3006
2977
2970
2950
2961
2959
2938
2936
2934
2924
2911
2905
2907
2898
2876
2884
2884
2869
2858
2849
2853
2836
2852
2838
2834
2824
2819
2819
2804
2890
2876
2881
2863
2869
2852
2848
2844
2840
2843
2840
2835
2820
2817
2817
2813
2806
2801
2796
2791
2787
2781
2797
2841
2845
2839
2841
2842
2835
2830
2831
2824
2820
2826
2813
2817
2801
2802
2799
2796
2791
2788
2778
2776
2774
2766
2763
2754
2755
2744
2700
2717
2717
2723
2723
2721
2715
2719
2714
2700
2711
2705
2705
2702
2704
2706
2703
2693
2699
2696
2690
2677
2688
2682
2689
2684
2684
2682
2687
2689
2680
2678
2679
2676
2674
2676
2675
2675
2674
2675
2679
2672
2668
2667
2660
2671
2661
2666
2661
2667
2669
2674
2666
2672
2670
2664
2667
2668
2678
2671
2674
2678
2672
2667
2677
2681
2684
2676
2668
2661
2667
2692
2703
2716
2716
2716
2721
2725
2728
2730
2732
2742
2735
2744
2737
2746
2747
2748
2753
2752
2754
2761
2758
2756
2757
2760
2759
2762
2761
2764
2755
2726
2719
2742
2758
2756
2752
2762
2764
2771
2780
2783
2780
2788
2791
2795
2795
2805
2812
2816
2818
2821
2820
2827
2838
2841
2838
2839
2856
2854
2862
2866
2875
2866
2884
2881
2891
2898
2900
2900
2908
2907
2932
2921
2934
2933
2933
2949
2950
2964
2954
2974
2979
2985
2988
2996
3009
3013
3027
3041
3016
3028
3020
3063
3085
3082
3106
3108
3137
3146
3157
3163
3169
3179
3182
3185
3211
3210
3218
3215
3230
3245
3234
3255
3235
3224
3250
3264
3268
3274
3296
3276
3309
3333
3320
3343
3361
3360
3376
3386
3413
3423
3420
3441
3440
3468
3465
3492
3512
3505
3526
3561
3553
3570
3583
3598
3614
3615
3626
3648
3679
3691
3702
3694
3739
3722
3742
3798
3817
3857
3892
3895
3919
3933
3951
3978
3977
3994
3995
4027
4009
3996
3992
4000
4000
4052
4059
4085
4090
4118
4137
4164
4179
4204
4229
4220
4150
4170
4199
4226
4249
4274
4289
4318
4356
4382
4400
4445
4460
4494
4504
4555
4573
4604
4631
4646
4687
4807
4918
4950
4988
5067
5212
5250
5268
5279
5333
5342
5335
5419
5458
5503
5541
5593
5631
5683
5737
5773
5824
5859
5930
5966
6021
6059
6225
6279
6327
6372
6412
6398
6496
6574
6616
6690
6750
6838
6889
6975
7061
7116
7150
7394
7442
7490
7496
7622
7724
7830
7897
8013
8102
8197
8252
8527
8699
9355
9462
9586
9717
9965
10135
10426
10458
10446
10443
10437
10419
10400
10389
10375
10363
10351
10340
10321
10331
10310
10300
10289
10272
10267
10261
10241
10245
10245
10221
10211
10217
10207
10188
10200
10183
10173
10160
10172
10168
10141
10135
10136
10136
9908
9886
9878
9877
9862
9833
9868
9865
9857
9851
9830
9831
9838
9829
9824
9813
9825
9814
9829
9830
9818
9828
9821
9803
9813
9852
9907
9905
10007
10025
10009
10020
10017
10057
10049
10053
10055
10069
10066
10059
10066
10072
10084
10079
10090
9938
9941
10082
10112
10108
10127
10119
10122
10127
10132
10141
10141
10151
10152
10177
10179
10176
10174
10101
10067
10044
9946
9945
9166
8885
8907
8990
9988
9986
9589
9509
9493
9461
9460
9460
9416
9419
9413
9407
9383
9365
9372
9333
9340
9322
9301
9294
9310
9270
9278
6937
6953
9248
9244
7645
7600
7583
7562
7558
7569
7547
7542
4659
4559
4536
4531
4551
4519
4500
4511
4512
4514
4694
4616
4622
4606
4625
4616
9071
9059
9054
9049
9040
9043
9051
9324
9775
10903
10936
10961
10962
10864
10878
10782
10691
10608
10519
10443
10355
10282
10198
10108
10048
9979
9900
6076
6036
6008
5963
5908
5869
5827
5785
5742
5722
6032
6111
6132
6138
6160
6150
6171
6123
6094
6053
6013
5983
6009
6038
6051
6061
6082
6241
6220
6180
6166
6225
6325
6286
6271
6265
6217
6330
7676
7625
7611
7568
7552
7504
7458
7431
7396
7355
7325
7296
7241
7215
7183
6688
6616
6064
5986
5946
5932
5897
5867
5797
5727
5706
5683
5660
5618
5604
5582
5548
5537
5508
5482
5481
5464
5437
5413
5394
5374
5333
5315
5312
5287
5287
5315
5332
5313
5311
5279
5274
5252
5230
5221
5190
5197
5177
5185
5223
5214
5176
5179
5146
5115
5100
5112
5094
5058
5054
5054
5036
4959
4979
4975
4961
4949
4931
4924
4920
4900
4886
4866
4863
4849
4833
4819
4817
4803
4796
4780
4770
4761
4753
4740
4725
4720
4700
4694
4694
4679
4678
4652
4647
4639
4629
4604
4598
4636
4619
4596
4601
4578
4576
4569
4560
4560
4538
4533
4534
4527
4522
4513
4511
4468
4472
4468
4464
4460
4448
4439
4437
4430
4425
4430
4414
4409
4398
4398
4409
4396
4390
4396
4370
4382
4366
4363
4360
4361
4354
4338
4341
4331
4328
4323
4328
4318
4318
4312
4298
4310
4294
4288
4295
4282
4265
4270
4301
4309
4293
4298
4289
4284
4275
4276
4278
4270
4260
428
4272
4274
4261
4262
4267
4277
4260
4232
4247
4229
4246
4250
