4217
4227
4229
4225
4215
4198
4219
4212
4219
4212
4207
4197
4199
4185
4195
4188
4193
4178
274403422
4169
4165
4158
4181
4184
4179
4195
4174
4193
4197
4190
4200
4191
4202
4202
4206
4197
4195
4204
4195
4203
4204
4210
4220
4208
4221
4230
4219
4222
4233
4235
4235
4237
4253
4249
4261
4253
4265
4271
4263
4273
4255
4268
4285
4258
4262
4330
4320
4345
4335
4341
4334
4338
4332
4329
4339
4335
4358
4342
4365
4373
4361
4377
4376
4390
4391
4373
4382
4405
4413
4418
4425
4416
4437
4431
4448
4463
4468
4471
4493
4496
4493
4503
4506
4512
4524
4527
4550
4545
4555
4566
4570
4579
4600
4601
4599
4622
4629
4629
4648
4655
4657
4676
4680
4674
4737
4756
4764
4780
4787
4783
4801
4800
4809
4826
4830
4844
4856
4870
4880
4870
4789
4779
4741
4720
4684
4656
4618
4589
4562
4534
4502
4467
4446
4411
4391
4357
4340
4316
4285
4257
4240
4213
4187
4147
4098
4029
4016
3995
3979
3926
3917
3887
3763
3756
3733
3698
3690
3672
3643
3626
3615
3604
3572
3587
3558
3531
3510
3498
3470
3482
3452
3438
3426
3404
3390
3373
3371
3336
3330
3328
3301
3303
3277
3252
3267
3350
3319
3303
3306
3281
3276
3260
3262
3231
3220
3234
3205
3188
3180
3157
3171
3141
3144
3157
3151
3173
3188
3169
3176
3158
3134
3148
3138
3109
3119
3110
3112
3087
3096
3063
3061
3043
3037
3033
2996
2945
2942
2953
2951
2944
2938
2935
2921
2914
2910
2896
2900
2892
2888
2874
2872
2860
2857
2847
2840
2827
2826
2820
2817
2808
2806
2799
2794
2786
2782
2765
2769
2763
2765
2748
2745
2748
2741
2727
2724
2719
2721
2704
2711
2699
2685
2693
2681
2683
2666
2684
2657
2669
2664
2662
2642
2643
2641
2640
2628
2621
2604
2615
2620
2635
2632
2635
2639
2641
2627
2625
2626
2637
2625
2612
2623
2613
2624
2619
2613
2609
2613
2600
2600
2595
2603
2600
2586
2589
2585
2588
2578
2574
2535
2524
2523
2529
2546
2539
2539
2536
2535
2536
2539
2524
2528
2526
2536
2525
2532
2524
2534
2537
2518
2519
2526
2522
2526
2516
2525
2519
2522
2521
2517
2516
2515
2513
2515
2522
2513
2514
2514
2513
2522
2522
2517
2515
2523
2518
2523
2529
2519
2526
2519
2527
2516
2524
2534
2518
2532
2526
2524
2534
2536
2540
2536
2541
2537
2546
2538
2544
2539
2544
2553
2561
2547
2552
2529
2537
2541
2580
2579
2584
2597
2603
2594
2599
2603
2605
2613
2617
2620
2617
2620
2633
2633
2634
2634
2641
2640
2643
2646
2646
2636
2651
2657
2650
2664
2666
2630
2622
2628
2646
2648
2654
2665
2666
2661
2665
2668
2684
2688
2690
2696
2705
2712
2711
2720
2718
2724
2730
2739
2737
2736
2754
2759
2761
2760
2779
2786
2781
2789
2789
2793
2805
2814
2827
2829
2832
2837
2840
2845
2862
2866
2873
2883
2878
2877
2880
2896
2913
2921
2938
2942
2941
2954
2955
2971
2967
2971
2977
3000
3010
3043
3052
3049
3067
3086
3088
3109
3125
3134
3151
3154
3144
3158
3182
3180
3210
3209
3207
3203
3180
3180
3166
3164
3188
3195
3209
3217
3227
3237
3239
3262
3279
3289
3297
3305
3318
3322
3357
3308
3277
3302
3308
3333
3339
3348
3369
3405
3383
3409
3441
3434
3456
3468
3484
3498
3514
3532
3529
3562
3583
3597
3593
3631
3643
3682
3703
3704
3736
3756
3769
3789
3909
3967
3984
3998
4030
4041
4104
4207
4256
4265
4305
4333
4329
4363
4376
4404
4388
4420
4457
4479
4523
4538
4565
4599
4637
4664
4698
4735
4769
4805
4822
4878
4901
4930
4982
5011
5050
5079
5131
5265
5288
5337
5354
5379
5406
5410
5476
5519
5566
5623
5658
5728
5786
5824
5886
5922
5979
6039
6083
6124
6313
6380
6434
6477
6469
6557
6620
6695
6770
6841
6922
7001
7085
7150
7227
7325
7525
7662
8313
8366
8470
8572
8676
8885
9021
9252
9402
9425
9401
9406
9403
9374
9372
9353
9353
9334
9320
9312
9307
9284
9280
9283
9264
9247
9245
9241
9223
9218
9214
9203
9196
9191
9163
9162
9148
9151
9161
9139
9127
9128
9117
9123
9110
9110
9108
9089
9103
9088
8867
8840
8830
8826
8819
8827
8816
8811
8807
8804
8798
8799
8800
8793
8788
8795
8775
8786
8775
8787
8786
8787
8783
8777
8784
8776
8779
8774
8834
8885
8884
9003
9024
9018
9029
9027
9048
9038
9027
9048
9041
9058
9062
9064
9066
9066
9067
9077
9050
9082
8934
8943
9100
9100
9088
9118
9114
9131
9104
9124
9139
9126
9147
9144
9164
9163
9180
9181
9181
9218
9147
9086
9057
9015
8968
8983
8970
8085
7917
7931
8015
9021
9025
8552
8523
8516
8508
8495
8479
8481
8465
8455
8450
8447
8434
8420
8420
8396
8398
8385
8378
8368
8375
8348
8359
8359
8330
8344
8334
8315
8313
6047
6026
8318
7774
6670
6657
6656
6657
6657
6650
6651
6654
6641
6646
6649
6638
6651
6635
6642
6650
6644
6646
6648
6639
6645
3782
3757
3693
3688
3640
3649
3673
3625
3636
3643
3644
3663
3849
3826
3764
3764
3777
3762
3777
9717
9654
9600
9507
9462
9382
9343
9286
9224
9176
9106
9048
9002
8930
8875
8814
8777
8711
8600
8521
8470
8417
8381
5298
5269
5237
5205
5203
5180
5147
5104
5085
5051
5018
4989
5006
5394
5440
5440
5450
5470
5440
5396
5392
5352
5328
5310
5306
5337
5354
5375
5403
5441
5548
5512
5505
5525
5670
5650
5619
5618
5594
5580
5713
6857
6837
6809
6789
6754
6735
6721
6684
6666
6640
6616
6588
6566
6542
6198
6058
6030
6018
6006
5973
5537
5418
5419
5387
5358
5360
5332
5317
5299
5197
5177
5162
5127
5134
5156
5095
5105
5071
5066
5046
5024
5022
5005
4990
4972
4968
4955
4959
4931
4910
4914
4885
4890
4867
4859
4862
4830
4895
4903
4894
4882
4857
4852
4857
4846
4833
4816
4812
4798
4792
4795
4821
4851
4825
4814
4802
4800
4789
4771
4755
4751
4737
4734
4737
4723
4722
4717
4670
4670
4682
4662
4662
4646
4638
4643
4628
4622
4617
4610
4601
4594
4600
4591
4578
4574
4567
4562
4556
4550
4551
4531
4534
4534
4521
4520
4516
4507
4502
4509
4485
4486
4483
4484
4486
4469
4471
4451
4445
4476
4485
4461
4475
4467
4460
4449
4439
4442
4446
4461
4441
4438
4443
4437
4438
4438
4426
4396
4399
4418
4406
4392
4406
4438
4398
4403
4411
4399
4398
4404
4403
4404
4393
4399
4401
4392
4400
4400
4396
4393
4384
4399
4397
4394
4397
4394
4396
4397
4400
4401
4392
4399
4391
4402
4394
4402
4412
4396
4403
4391
4404
4424
4431
4442
4439
4438
4439
4430
4446
4440
4440
4443
4450
4443
4465
4458
4471
4480
4448
4447
4472
4464
4477
4477
4504
4483
4496
4506
4505
4513
4511
4512
4522
4523
4524
4536
4540
4543
4550
4551
4563
4557
4569
4582
4577
4587
4584
4604
4605
4619
4619
4621
4632
4644
4645
4651
4671
4659
4667
4708
4715
4719
4730
4729
4732
4748
4739
4765
4769
4775
4794
4805
4825
4826
4818
4771
4776
4786
4804
4790
4820
4829
4826
4848
4854
4871
4881
4896
4907
4911
4923
4927
4854
4875
4873
4897
4898
4901
4914
4938
4950
4947
4968
4979
4994
5007
5017
5049
5059
5070
5070
5109
5117
5127
5128
5147
5155
5183
5196
5212
5317
5338
5370
5377
5387
5437
5503
5487
5540
5542
5568
5609
5621
5625
5632
5659
5696
5714
5722
5729
5773
5795
5805
5842
5856
5892
5899
5914
5928
5979
5985
5992
6026
6119
6097
6081
6046
6037
5995
5970
5947
5896
5858
5791
5802
5774
5764
5737
5698
5691
5666
5621
5630
5601
5579
5564
5529
5521
5480
5476
5448
5435
5420
5392
5389
5369
5311
5313
5293
5271
5294
5291
5283
5249
5256
5227
5207
5175
5169
5140
5134
5110
5091
5069
5019
5012
5010
4994
4979
4958
4961
4935
4928
4918
4907
4892
4879
4868
4853
4834
4825
4817
4809
4793
4781
4774
4761
4755
4732
4725
4718
4701
4700
4682
4670
4663
4646
4637
4626
4657
4650
4645
4637
4624
4628
4606
4605
4582
4564
4562
4552
4546
4535
4521
4507
4502
4450
4438
4416
4421
4419
4395
4400
4390
4390
4373
4364
4292
4280
4272
4258
4255
4258
4237
4235
4223
4219
4227
4215
4220
4200
4187
4188
4189
4193
4182
4178
4170
4167
4162
4158
4149
4139
4141
4142
4128
4133
4128
4130
4133
4112
4111
4117
4113
4104
4087
4182
4186
4178
4178
4178
4164
4155
4168
4147
4159
4152
4159
4167
4153
4141
4148
4144
4189
10
