3764
3765
3754
3758
3763
3739
3752
3751
3753
3740
3741
3748
3733
3731
3750
3762
3748
3753
3735
3743
3735
3746
3753
3748
3733
3747
3749
3740
3754
3746
3748
3741
147
3754
3776
3784
3787
3798
3789
3792
3804
3807
3797
3816
3813
3816
3807
3813
3823
3828
3827
3825
3819
3826
3774
3782
3811
3822
3797
3817
3818
3823
3816
3820
3829
3816
3821
3833
3853
3883
3846
3865
3864
3845
3862
3868
3893
3895
3878
3899
3893
3914
3913
3896
3937
3930
3920
3941
3949
3951
3947
3941
3972
3965
3964
3985
3990
3993
4001
3989
3991
4006
4042
4061
4056
4077
4075
4103
4095
4120
4127
4135
4132
4150
4160
4146
4164
4177
4166
4145
4109
4131
4129
4124
4144
4163
4169
4181
4168
4193
4185
4202
4220
4230
4247
4167
4177
4187
4206
4199
4216
4226
4230
4252
4265
4276
4287
4292
4320
4317
4340
4330
4354
4369
4384
4385
4409
4415
4438
4444
4464
4470
4498
4503
4521
4532
4552
4668
4681
4703
4715
4730
4748
4767
4785
4813
4839
4956
4955
4988
4999
5019
5035
5055
5058
5076
5074
5062
5104
5139
5145
5180
5203
5221
5229
5267
5283
5318
5337
5355
5382
5407
5453
5458
5481
5500
5542
5582
5579
5598
5637
5639
5750
5776
5815
5844
5860
5882
5905
5939
5944
5933
5986
6028
6073
6119
6144
6165
6213
6246
6291
6325
6361
6405
6431
6477
6513
6546
6597
6655
6745
6797
6831
6864
6901
6894
6965
7014
7058
7118
7156
7198
7260
7329
7364
7427
7478
7534
7600
7588
7780
7842
7900
8102
8708
8674
8663
8646
8707
8787
8867
8942
9028
9156
9232
9342
9464
9655
9683
9697
9668
9666
9662
9637
9604
9593
9588
9542
9552
9523
9504
9476
9485
9465
9438
9444
9415
9402
9395
9379
9366
9343
9318
9311
9298
9296
9290
9268
9248
9240
9229
9218
9215
9190
9189
9190
9157
8917
8890
8890
8882
8872
8846
8844
8831
8825
8802
8819
8809
8787
8787
8784
8785
8763
8756
8742
8750
8742
8737
8726
8719
8712
8704
8694
8698
8787
8800
8796
8926
8921
8916
8910
8920
8911
8911
8889
8895
8895
8896
8891
8884
8884
8872
8884
8860
8870
8840
8721
8731
8848
8855
8856
8852
8839
8840
8829
8826
8842
8854
8854
8855
8858
8859
8872
8867
8873
8868
8870
8830
8774
8739
7595
7577
7586
7746
8646
8635
8656
8646
8276
8151
8129
8116
8105
8085
8061
8039
8050
8038
8005
8015
3232
3116
3097
3103
3093
3129
3137
7889
7892
7877
7857
7847
3081
3084
3090
3230
3073
3057
3054
3043
3051
3036
3035
6086
6077
6070
6073
6059
6059
6032
6041
6036
6035
6031
6037
6481
6465
6472
6551
7596
7585
7585
7563
7577
7569
7551
7527
7542
7533
7525
7538
7544
7546
7541
8143
8176
8303
9350
9361
9386
9397
9424
9429
9342
9345
9219
9129
9057
8974
8891
8823
4510
4486
4443
4413
4358
4334
4295
4262
4231
4188
4146
4152
4274
4503
4514
4528
4533
4544
4561
4564
4577
4590
4572
4535
4508
4475
4437
4410
4401
4398
4420
4424
4460
4460
4474
4479
4568
4640
4616
4578
4551
4562
4662
4730
4692
4666
4646
4671
4639
4615
4704
6107
6055
6057
6011
5980
5968
5925
5897
5878
5852
5820
5772
5750
5724
5698
5683
5648
5627
5604
5578
5301
5029
5004
4546
4401
4359
4342
4328
4309
4282
4279
4260
4217
4131
4116
4101
4092
4065
4057
4011
4006
3998
3993
3984
3936
3930
3931
3926
3893
3897
3859
3855
3858
3847
3813
3811
3786
3784
3780
3750
3748
3729
3719
3716
3695
3680
3716
3768
3756
3755
3743
3734
3712
3707
3697
3688
3679
3665
3652
3638
3637
3625
3636
3637
3650
3674
3668
3646
3648
3619
3608
3587
3589
3587
3581
3557
3572
3557
3548
3535
3534
3542
3519
3528
3516
3478
3461
3480
3470
3466
3470
3454
3430
3434
3421
3416
3406
3405
3408
3382
3376
3378
3385
3364
3356
3357
3354
3363
3348
3357
3341
3331
3332
3315
3328
3308
3303
3301
3314
3289
3278
3285
3287
3275
3273
3277
3259
3259
3270
3269
3250
3250
3242
3254
3237
3242
3226
3215
3203
3244
3239
3237
3243
3229
3227
3229
3225
3217
3213
3218
3213
3203
3191
3200
3202
3196
3199
3192
3193
3204
3194
3202
3197
3204
3166
3156
3159
3188
3173
3176
3173
3153
3161
3169
3175
3155
3162
3167
3171
3180
3187
3162
3161
3165
3161
3164
3166
3178
3174
3164
3166
3183
3163
3179
3177
3172
3180
3174
3180
3160
3170
3182
3169
3185
3171
3198
3168
3189
3193
3200
3191
3189
3188
3192
3189
3195
3204
3196
3209
3215
3195
3204
3195
3194
3209
3253
3244
3232
3247
3252
3255
3257
3253
3251
3248
3265
3265
3244
3267
3258
3278
3280
3279
3293
3304
3306
3304
3313
3283
3276
3312
3315
3315
3331
3345
3327
3334
3358
3359
3355
3359
3370
3366
3371
3377
3398
3397
3403
3395
3399
3419
3431
3423
3426
3436
3440
3444
3447
3464
3474
3498
3482
3480
3470
3497
3510
3530
3530
3548
3549
3544
3573
3569
3570
3587
3597
3609
3604
3601
3635
3677
3671
3684
3681
3701
3709
3718
3726
3729
3748
3739
3753
3775
3772
3795
3810
3813
3810
3774
3758
3775
3799
3791
3802
3816
3829
3852
3854
3872
3881
3898
3895
3924
3937
3936
3920
3972
4000
3979
3916
3921
3954
3964
3973
3985
4010
4034
4038
4031
4075
4088
4091
4105
4131
4160
4167
4182
4195
4219
4244
4263
4264
4300
4306
4310
4350
4369
4389
4512
4549
4574
4588
4630
4690
4708
4743
4771
4803
4821
4834
4862
4892
4901
4943
4963
4984
5015
5050
5075
5097
5133
5141
5191
5211
5252
5275
5298
5323
5427
5424
5384
5382
5365
5372
5347
5316
5303
5290
5267
5238
5227
5212
5162
5166
5159
5135
5135
5122
5090
5084
5066
5066
5044
5041
5031
5002
4994
4974
4973
4959
4950
4925
4914
4916
4913
4885
4884
4874
4870
4852
4837
4825
4813
4813
4791
4767
4801
4809
4790
4799
4775
4776
4763
4749
4746
4741
4728
4715
4700
4691
4684
4669
4660
4642
4611
4617
4615
4605
4607
4595
4590
4585
4584
4566
4568
4560
4553
4551
4545
4537
4533
4532
4521
4517
4498
4507
4509
4494
4487
4479
4480
4477
4477
4466
4470
4454
4457
4449
4452
4437
4439
4436
4429
4422
4404
4453
4456
4454
4451
4446
4451
4445
4441
4424
4430
4426
4411
4409
4397
4406
4393
4396
4392
4393
4341
4323
4313
4321
4320
4328
4318
4321
4304
4321
4318
4309
4306
4299
4232
4226
4219
4222
4222
4233
4225
4234
4218
4237
4229
4228
4229
4229
4234
4212
4226
4228
4229
4238
4244
4240
4246
4247
4231
4235
4246
4245
4256
4250
4254
4243
4252
4256
4252
4249
4277
4259
4261
4299
4341
4369
4374
4359
4361
4371
4371
4386
4371
4386
4388
4391
4396
4403
4439
4490
4496
4501
4498
4505
4495
4506
4510
4504
4512
4521
4527
4520
4520
4527
4533
4542
4548
4526
4538
4560
4562
4581
4577
4583
4597
4611
4611
4622
4628
4630
4631
4647
4658
4661
4669
4669
4697
4687
4698
4720
4715
4722
4740
4735
4749
4769
4788
4783
4776
4803
4816
4819
4835
4837
4832
4885
4915
4919
4927
4938
4951
4940
4961
4958
4970
4982
4993
5012
5007
5032
5054
5035
5049
5073
5081
5107
5121
5141
5149
5162
5194
5196
5209
5223
5233
5235
5273
5297
5299
5313
5332
5348
5360
5366
5395
5408
5424
5439
5479
5482
5480
5544
5587
5602
5583
5635
5618
5668
5649
5675
5709
5736
5763
5703
5648
5648
5620
5594
5556
5537
5501
5476
5488
5430
5429
5382
5359
5354
5321
5284
5272
5259
5222
5222
5197
5177
5126
5115
5086
5030
4982
4969
4954
4926
4916
4903
4894
4839
4756
4720
4707
4696
4664
4658
4628
4627
4604
4587
4579
4565
4549
4531
4512
4493
4486
4469
4461
4436
4425
4420
4410
4390
4388
4374
4348
4344
4321
4338
4393
4385
4373
4362
4351
4325
4333
4308
4299
4288
4275
4266
4262
4255
4283
4311
4308
4298
4290
4280
4266
4274
4258
4237
4234
4214
4207
4203
4198
4180
4146
4134
4115
4106
4105
4108
4083
4094
4072
4077
4069
4054
4043
4045
4020
4032
4016
4020
4015
3987
4002
3975
3986
3972
3964
3966
3958
3951
3949
3945
3933
3930
3918
3898
3904
3917
3896
3898
3891
3874
3877
3885
3874
3855
3854
3849
3864
3860
3866
3874
3872
3868
3865
3861
3868
3861
3854
3858
3854
3831
3833
3844
3823
3831
3815
3829
3789
3767
3764
3760
3773
3772
3775
3771
3771
3781
3771
3767
3768
3752
3760
3754
3766
3754
3773
