4951
4957
4946
4952
4953
4948
4940
4944
4948
4942
4943
4949
4935
4943
4929
4933
4930
4928
4942
4934
4935
4944
4941
4927
4942
309
4926
4930
4961
4949
4954
4964
4982
4986
4996
4982
4980
4999
4997
5005
4993
4988
4997
4986
4957
4965
4972
4980
4988
4995
4991
4986
4986
4991
5011
5011
5019
5010
5027
5028
5028
5027
5036
5039
5031
5053
5061
5073
5061
5075
5077
5097
5094
5100
5107
5107
5104
5110
5129
5121
5126
5156
5181
5175
5196
5196
5206
5224
5229
5233
5244
5246
5257
5261
5287
5271
5226
5217
5219
5249
5246
5262
5255
5278
5279
5281
5283
5300
5207
5220
5195
5242
5257
5252
5281
5272
5284
5291
5274
5314
5298
5340
5378
5354
5368
5418
5393
5421
5431
5463
5446
5477
5521
5546
5612
5621
5656
5648
5660
5684
5730
5723
5726
5749
5785
5870
5883
5910
5921
5936
5949
5974
5980
5998
6015
5979
6027
6037
6075
6089
6107
6122
6155
6168
6183
6212
6228
6230
6265
6279
6320
6325
6341
6369
6388
6418
6454
6466
6484
6498
6586
6616
6640
6653
6688
6716
6731
6743
6727
6786
6801
6840
6869
6894
6925
6967
6979
7023
7049
7074
7109
7143
7164
7218
7231
7281
7300
7308
7423
7474
7500
7543
7574
7620
7587
7668
7678
7727
7757
7819
7845
7911
7937
7997
8018
8061
8102
8169
8190
8229
8373
8424
8474
8508
8651
9375
9344
9311
9297
9255
9240
9271
9347
9428
9469
9535
9602
9721
9788
9841
9940
10076
10217
10213
10237
10216
10183
10152
10139
10107
10081
10062
10043
10020
9985
9968
9927
9910
9911
9876
9855
9835
9834
9785
9783
9754
9741
9714
9703
9690
9659
9633
9604
9615
9576
9550
9558
9527
9257
9240
9220
9194
9195
9195
9182
9143
9129
9128
9116
9103
9070
9073
9052
9039
9014
9004
8995
8998
8978
8976
8961
8944
8931
8925
9003
9005
9005
9143
9153
9142
9126
9113
9095
3124
3107
3106
3086
3123
3120
3157
3229
3227
9026
9005
3029
2985
2984
2979
2983
2959
2970
2972
2969
3074
3110
3174
3353
3340
8914
8924
8908
8915
8891
8889
8192
7554
7564
7576
8680
8669
8604
8604
8609
8597
8591
5443
5433
8084
8063
8020
7994
7996
7964
7927
7910
7912
7891
7856
7828
6131
5970
5934
5955
5925
5897
5911
5890
5873
5866
5880
5841
5839
5823
5830
5812
5788
5799
5791
5770
5779
6241
6238
6225
6199
6210
6197
6197
6722
7356
7375
7335
7331
7312
7305
7302
7271
7269
7255
7252
7213
7215
7199
4082
4038
3935
3865
3752
3692
3669
3743
3825
3994
4013
4023
4011
4017
4006
4023
4046
4033
4040
4051
4053
4067
4056
4070
4074
4018
3969
3910
3859
3854
3865
3862
3860
3878
3888
3875
3907
3909
3903
4091
4141
4089
4044
3992
3958
3953
3966
4206
4190
4146
4090
4058
4012
4042
4001
3967
3975
4003
6079
6022
5980
5929
5870
5839
5781
5729
5688
5652
5598
5563
5499
5462
5392
5391
5352
5306
5261
5208
5184
5142
5115
3808
3603
3585
3569
3546
3519
3487
3325
3328
3327
3291
3264
3247
3219
3215
3188
3156
3146
3126
3104
3095
3065
3033
3038
3038
2984
2989
2957
2952
2926
2923
2915
2898
2887
2861
2866
2845
2825
2811
2791
2742
2816
2868
2844
2845
2814
2822
2811
2789
2764
2755
2732
2735
2726
2717
2710
2690
2676
2669
2660
2646
2646
2656
2670
2669
2694
2689
2666
2653
2645
2617
2610
2604
2588
2579
2563
2569
2548
2542
2538
2535
2522
2513
2501
2490
2497
2493
2477
2479
2430
2414
2425
2413
2408
2410
2396
2394
2396
2369
2380
2367
2357
2341
2346
2344
2336
2321
2321
2319
2311
2311
2295
2286
2290
2278
2272
2266
2269
2250
2245
2251
2232
2235
2237
2217
2227
2220
2200
2221
2192
2206
2182
2181
2174
2182
2166
2166
2153
2167
2153
2151
2136
2147
2150
2130
2138
2130
2127
2113
2125
2107
2106
2116
2100
2094
2105
2088
2089
2084
2090
2087
2058
2063
2052
2056
2053
2070
2084
2073
2075
2078
2077
2065
2066
2050
2060
2043
2035
2048
2042
2034
2024
2044
2017
2026
2027
2021
2017
2025
2018
2022
2028
2021
2016
2003
2006
2017
2012
2021
2017
2018
2013
2024
2025
1986
1981
1964
1984
1996
1976
1999
1976
1982
1978
1991
1975
1989
1970
1992
1992
1975
1982
1978
1963
1978
1990
1983
1962
1968
2006
1983
1974
1980
1957
1998
1985
1965
1975
2002
1977
1987
1975
1973
1979
1982
1998
1972
1991
1991
1980
1979
1983
1989
1998
1986
1995
1989
2003
1997
1979
1979
2004
2001
1971
1984
1999
2005
1991
2006
2001
2020
1997
2014
2024
2012
2018
2006
2015
2020
2023
2032
2003
2027
2011
2032
2030
2033
2046
2040
2033
2036
2043
2050
2037
2056
2057
2047
2033
2041
2048
2066
2101
2099
2108
2100
2091
2086
2103
2075
2100
2099
2110
2118
2119
2119
2117
2123
2133
2129
2119
2132
2131
2141
2144
2162
2148
2156
2161
2165
2191
2186
2187
2204
2213
2193
2177
2178
2201
2190
2205
2210
2218
2232
2248
2251
2244
2264
2275
2265
2257
2271
2279
2285
2289
2299
2298
2299
2316
2323
2335
2344
2333
2349
2350
2356
2370
2371
2374
2375
2377
2403
2396
2410
2411
2429
2433
2443
2451
2456
2470
2470
2473
2495
2498
2504
2521
2528
2544
2543
2553
2573
2569
2589
2598
2599
2614
2618
2621
2646
2635
2632
2696
2709
2720
2729
2737
2743
2754
2768
2772
2788
2803
2812
2831
2844
2863
2870
2890
2901
2920
2908
2886
2882
2871
2879
2892
2902
2921
2938
2949
2963
2992
2979
3000
3033
3031
3059
3069
3089
3104
3131
3139
3159
3173
3195
3163
3103
3125
3138
3177
3202
3192
3229
3245
3279
3283
3321
3330
3346
3375
3377
3416
3449
3435
3487
3512
3537
3562
3604
3629
3646
3700
3703
3882
3912
3992
4092
4127
4142
4210
4212
4268
4302
4330
4355
4409
4428
4475
4509
4548
4602
4625
4671
4716
4719
4797
4833
4825
4812
4806
4798
4788
4778
4747
4771
4747
4746
4727
4715
4694
4692
4680
4649
4658
4651
4638
4637
4632
4623
4609
4611
4604
4598
4587
4585
4578
4589
4564
4557
4552
4555
4546
4539
4526
4522
4518
4520
4513
4519
4511
4503
4498
4490
4485
4487
4483
4475
4469
4464
4464
4455
4433
4438
4473
4474
4477
4464
4472
4472
4465
4465
4449
4447
4452
4449
4440
4436
4429
4417
4416
4411
4420
4412
4386
4383
4394
4387
4396
4395
4387
4390
4383
4385
4391
4392
4390
4386
4367
4369
4385
4387
4386
4381
4379
4381
4383
4381
4378
4394
4374
4381
4388
4389
4391
4384
4382
4395
4385
4398
4394
4383
4395
4400
4395
4390
4375
4385
4445
4446
4443
4451
4453
4456
4460
4461
4459
4455
4457
4472
4454
4462
4449
4460
4467
4465
4467
4425
4414
4421
4424
4426
4438
4448
4443
4439
4458
4474
4461
4464
4474
4444
4408
4394
4419
4404
4419
4420
4430
4441
4431
4446
4455
4466
4467
4474
4476
4475
4488
4494
4498
4509
4513
4517
4529
4543
4538
4560
4566
4570
4581
4575
4583
4597
4608
4606
4612
4715
4721
4734
4753
4746
4757
4785
4787
4792
4815
4811
4871
4908
4920
4930
4948
4955
4963
4970
4965
4982
4983
4994
4998
5030
5035
5036
5031
5075
5080
5100
5091
5116
5131
5154
5153
5184
5184
5212
5233
5226
5248
5276
5272
5298
5306
5329
5354
5376
5366
5396
5403
5411
5436
5464
5479
5448
5561
5579
5602
5615
5627
5640
5659
5679
5679
5702
5716
5748
5744
5779
5799
5833
5836
5841
5895
5923
5935
5953
5981
6029
6027
6063
6093
6105
6151
6159
6196
6208
6224
6268
6302
6302
6396
6430
6446
6473
6494
6528
6552
6588
6597
6528
6521
6500
6479
6443
6426
6416
6390
6369
6342
6316
6313
6283
6244
6243
6206
6205
6173
6150
6143
6120
6084
6069
6055
6026
6050
5939
5936
5917
5901
5884
5854
5833
5812
5729
5699
5684
5662
5651
5661
5608
5619
5583
5583
5574
5531
5546
5531
5508
5487
5480
5458
5455
5450
5428
5432
5411
5392
5401
5390
5437
5443
5432
5407
5410
5392
5382
5396
5379
5352
5354
5354
5372
5389
5376
5367
5361
5352
5358
5356
5316
5325
5315
5298
5280
5265
5218
5226
5220
5225
5212
5210
5197
5191
5170
5177
5164
5166
5164
5150
5146
5128
5132
5124
5121
5106
5104
5103
5095
5074
5088
5073
5066
5071
5054
5046
5041
5048
5045
5038
5011
5006
5027
5030
5040
5032
5047
5022
5038
5030
5033
5035
5014
5023
5010
5001
5001
4995
4961
4954
4968
4958
4957
4952
4960
4966
4958
4950
4949
