5415
5362
5380
5391
5391
5397
5386
5408
5381
5387
5388
5383
5405
5388
5400
5395
5411
5384
5388
5411
5387
5405
5413
5401
5409
5394
5414
5414
5395
5415
5394
5400
5420
5414
5427
5416
5420
5457
5437
5483
5485
5474
5483
5479
5471
5464
5465
5469
5475
5479
5478
5479
5487
5423
5438
5458
5458
5454
5470
5453
5470
5455
5490
5478
5396
5389
5401
5423
5417
5442
5436
5439
5450
5451
5445
5459
5454
5460
5487
5487
5476
5488
5501
5513
5519
5542
5522
5531
5564
5563
5570
5609
5589
5698
5707
5722
5724
5746
5744
5749
5764
5764
5803
5838
5898
5904
5934
5926
5922
5934
5949
5946
5945
5982
5982
5990
6001
5985
6018
6039
6056
6066
6081
6085
6114
6116
6148
6147
6176
6176
6193
6217
6224
6244
6254
6265
6290
6328
6322
6356
6368
6377
6400
6425
6479
6495
6502
6511
6532
6548
6335
6182
6157
6102
6103
6083
6113
6173
6223
6457
6772
6778
6813
6823
6859
6876
6889
6924
6944
6976
6993
7023
7051
7066
7097
7118
7111
7226
7256
7281
7291
7313
7341
7364
7406
7411
7325
7314
7265
7236
7210
7165
7151
7128
7082
7058
7033
7004
6977
6936
6926
6889
6863
6838
6809
6761
6704
6662
6635
6610
6589
6562
6535
6521
6492
6455
6449
6427
6413
6376
6357
6332
6305
6320
6279
6251
6233
6206
6198
6177
6173
6138
6117
6101
6075
6080
6058
6036
6046
5999
5989
5978
5953
5933
5950
5961
5986
5956
5943
5948
5913
5895
5875
5870
5843
5842
5775
5765
5751
5752
5723
5741
5724
5700
5704
5684
5677
5650
5645
5622
5619
5603
5609
5581
5576
5538
5545
5534
5527
5523
5499
5487
5501
5479
5469
5454
5439
5463
5448
5438
5432
5436
5429
5416
5417
5413
5396
5400
5382
5370
5370
5324
5299
5309
5317
5295
5293
5269
5277
5281
5268
5264
5245
5254
5258
5233
5239
5230
5213
5195
5217
5209
5198
5195
5193
5187
5181
5183
5168
5166
5167
5166
5148
5165
5158
5137
5121
5152
5148
5145
5156
5158
5146
5157
5158
5149
5148
5140
5137
5139
5120
5126
5114
5084
5083
5087
5087
5076
5087
5089
5089
5085
5087
5092
5072
5082
5089
5077
5082
5080
5072
5065
5073
5082
5078
5086
5085
5090
5082
5086
5083
5099
5068
5089
5101
5082
5096
5103
5092
5085
5084
5116
5116
5122
5133
5136
5148
5148
5149
5145
5178
5170
5167
5160
5157
5158
5106
5097
5096
5106
5111
5124
5111
5137
5127
5120
5146
5120
5056
5073
5065
5071
5075
5082
5094
5115
5093
5112
5103
5119
5132
5136
5134
5139
5164
5160
5149
5172
5184
5167
5198
5207
5216
5218
5218
5221
5230
5252
5250
5298
5352
5365
5367
5364
5389
5382
5380
5411
5414
5425
5497
5527
5532
5551
5572
5589
5578
5584
5598
5598
5625
5606
5606
5606
5635
5642
5672
5661
5658
5702
5732
5725
5752
5766
5782
5792
5764
5823
5813
5833
5849
5869
5880
5882
5905
5923
5939
5951
5976
5984
5990
5996
6074
6083
6114
6136
6156
6176
6171
6193
6206
6230
6215
6245
6255
6288
6304
6307
6336
6360
6392
6404
6425
6440
6467
6491
6515
6534
6559
6586
6596
6626
6644
6677
6699
6709
6787
6830
6860
6876
6905
6935
6946
6976
6959
7009
7042
7061
7095
7130
7159
7176
7204
7256
7269
7313
7340
7378
7421
7453
7479
7528
7538
7644
7678
7714
7754
7790
7831
8168
8701
8665
8632
8609
8589
8551
8523
8510
8545
8606
8651
8695
8751
8811
8866
8941
8996
9046
9127
9185
9275
9421
9442
9456
9445
9426
9392
9358
9345
9312
9293
9271
9246
9199
9198
9172
9136
9113
9083
9069
9052
9031
9007
8976
8947
8937
8914
8897
8871
8846
8838
8813
8798
8769
8750
8737
8720
8697
8680
8410
8381
8363
8343
8335
8303
8299
8266
8263
8254
2181
2188
2197
2192
2190
2176
2170
2135
2128
2118
2093
2105
2103
2122
2121
2143
8010
8013
8015
8080
8073
8074
2125
2143
2119
2093
2106
2079
2121
2132
2150
2208
2223
2203
8110
8086
8056
8081
8077
8053
8038
8051
8008
7870
7871
8007
7994
8011
8007
7971
7970
7963
7959
7938
7938
7946
7940
7946
7932
7914
7923
7911
7115
6571
6575
6570
6733
7761
7713
7643
7613
4446
4439
0
7601
7493
7082
7068
7049
7047
7021
7000
6976
6960
6927
6926
6910
6891
4978
4976
4957
4958
4939
4919
4924
4907
4893
4896
4878
4865
4865
4853
4847
4833
4818
4807
4803
4804
4793
4779
4775
4776
4749
4742
4741
4756
5203
5200
5189
5196
5165
5174
5134
5147
5279
5368
5465
6307
6306
6295
6266
5933
6271
6253
6254
6229
6226
6203
6170
6192
6169
6176
6160
3055
3035
2967
2907
2855
2798
2747
2675
2670
2684
2724
2796
2985
2993
3001
3007
3004
3016
3018
3018
3022
3035
3046
3036
3037
3047
3055
3042
3074
3069
3069
3071
3072
3035
2998
2966
2931
2883
2863
2861
2862
2865
2877
2874
2879
2901
2896
2890
2896
2916
2909
2922
2968
3143
3102
3088
3049
3024
3008
2979
2975
2976
3011
3185
3168
3137
3112
3090
3070
3039
3060
3057
3033
3028
3014
3113
4798
4785
4750
4706
4661
4647
4628
4586
4556
4521
4486
4459
4430
4396
4369
4346
4331
4309
4288
4267
4226
4217
4188
4169
4148
4119
4095
4071
4039
4031
4003
3979
3968
3928
3353
2820
2714
2704
2689
2682
2674
2654
2641
2628
2626
2600
2600
2586
2483
2453
2460
2444
2423
2414
2404
2395
2359
2381
2363
2358
2344
2339
2322
2320
2312
2283
2299
2278
2271
2285
2270
2256
2244
2229
2223
2216
2204
2202
2195
2176
2162
2169
2153
2148
2152
2148
2145
2134
2108
2110
2099
2102
2083
2085
2073
2063
2049
2072
2063
2037
2045
2039
2032
2021
2015
2020
1999
2077
2092
2078
2080
2065
2078
2067
2056
2058
2059
2048
2030
2033
2025
2029
2023
2016
1995
2003
2002
2004
1994
1983
1988
1986
1972
1967
1971
1968
1950
1964
1957
1997
2020
2039
2023
2015
2012
1999
1985
1993
1985
1991
1979
1982
1971
1967
1950
1953
1948
1959
1921
1930
1940
1930
1928
1922
1936
1922
1937
1920
1920
1926
1921
1926
1926
1911
1919
1912
1908
1902
1904
1904
1882
1865
1866
1857
1868
1889
1884
1867
1881
1869
1873
1868
1860
1854
1882
1865
1868
1865
1874
1844
1862
1858
1861
1856
1855
1857
1841
1851
1850
1841
1820
1856
1854
1842
1833
1843
1840
1841
1848
1839
1808
1841
1831
1846
1838
1848
1840
1825
1824
1829
1828
1850
1830
1875
1829
1846
1827
1833
1842
1844
1840
1836
1826
1841
1848
1828
1835
1844
1839
1853
1824
1848
1845
1835
1854
1848
1863
1848
1839
1830
1849
1860
1848
1857
1837
1843
1846
1857
1855
1845
1857
1846
1868
1858
1857
1853
1866
1872
1871
1858
1842
1846
1856
1889
1900
1891
1910
1898
1883
1902
1901
1915
1912
1910
1902
1902
1921
1908
1917
1928
1926
1935
1908
1923
1946
1942
1929
1935
1941
1938
1946
1961
1960
1960
1962
1966
1970
1987
1979
2005
1998
2000
1993
1987
1959
1973
1983
2001
2003
1997
2004
2012
2012
2015
2031
2045
2035
2060
2026
2046
2061
2049
2065
2065
2068
2087
2075
2075
2091
2097
2097
2104
2105
2130
2133
2138
2123
2132
2141
2146
2167
2139
2163
2162
2183
2196
2202
2203
2208
2211
2214
2218
2221
2246
2255
2257
2255
2263
2277
2284
2287
2308
2305
2315
2325
2327
2332
2346
2351
2351
2363
2369
2381
2384
2398
2409
2404
2409
2438
2460
2476
2481
2504
2503
2498
2516
2526
2534
2545
2560
2573
2582
2587
2604
2616
2639
2638
2666
2677
2692
2668
2670
2706
2724
2728
2746
2758
2763
2780
2814
2801
2830
2843
2853
2872
2881
2901
2906
2936
2957
2955
2970
3011
3008
3035
3038
3067
3079
3116
3133
3143
3165
3169
3202
3215
3232
3266
3281
3314
3304
3345
3404
3412
3442
3478
3490
3511
3548
3584
3638
3638
3635
3619
3618
3606
3629
3669
3701
3737
3754
3784
3835
3846
3884
3897
3969
3991
4037
3941
3875
3942
3965
4018
4021
4063
4120
4168
4204
4233
4315
4367
4440
4679
4726
4708
4694
5031
5097
5129
5170
5242
5280
5348
5391
5462
5522
5599
5620
5723
5725
5719
5694
5691
5676
5674
5667
5668
5645
5627
5626
5604
5587
5564
5560
5563
5570
5563
5561
5532
5555
5537
425
5518
5522
5521
5504
5496
5497
5490
5492
5492
5483
5476
5488
5475
5476
5472
5460
5450
5446
5435
5444
5432
5451
5430
5415
5415
5448
5453
5457
5454
5444
5456
5439
5434
5426
5443
5434
5438
5423
5399
5409
