3021
3028
3020
3015
3029
3028
3033
3020
3028
3022
3022
3016
3016
3023
3021
3012
3016
3014
3005
3014
3025
3030
3010
3019
3031
3027
3021
3030
3027
3025
3016
12377047
3028
3027
3041
3019
3028
3027
3036
3041
3035
3037
3041
3023
3047
3054
3042
3042
3049
3048
3047
3056
3048
3060
3036
3032
3088
3098
3093
3089
3099
3090
3088
3101
3110
3099
3091
3101
3098
3104
3104
3112
3127
3125
3127
3134
3143
3155
3144
3155
3160
3139
3142
3131
3156
3162
3161
3158
3186
3175
3182
3181
3193
3201
3208
3209
3218
3210
3219
3230
3239
3254
3231
3262
3272
3269
3275
3279
3284
3297
3292
3297
3314
3317
3314
3322
3332
3351
3359
3345
3346
3375
3393
3371
3394
3402
3405
3404
3422
3424
3430
3436
3441
3452
3462
3497
3517
3528
3517
3550
3545
3530
3545
3556
3567
3581
3591
3607
3610
3629
3642
3646
3683
3679
3668
3688
3705
3693
3707
3737
3733
3777
3753
3757
3780
3807
3821
3836
3845
3868
3874
3896
3895
3903
3916
3942
3958
3960
3990
4002
4021
4013
4038
4059
4058
4089
4101
4135
4141
4165
4159
4170
4236
4262
4275
4287
4296
4330
4345
4359
4386
4407
4444
4455
4438
4433
4405
4437
4445
4480
4496
4526
4540
4572
4597
4616
4639
4672
4688
4703
4725
4627
4655
4680
4711
4729
4764
4776
4827
4848
4874
4888
4919
4959
5002
5010
5055
5076
5120
5156
5165
5380
5439
5517
5573
5645
5667
5719
5751
5802
5835
5857
5900
5968
5995
6056
6084
6130
6158
6207
6234
6298
6312
6293
6283
6255
6252
6217
6209
6194
6174
6158
6146
6110
6114
6093
6079
6067
6057
6031
6036
6009
6027
6002
5984
5990
5970
5948
5949
5935
5922
5901
5908
5874
5884
5876
5857
5860
5844
5832
5841
5819
5798
5829
5832
5832
5815
5807
5800
5783
5766
5775
5759
5765
5736
5742
5716
5688
5680
5692
5690
5672
5680
5668
5666
5664
5648
5651
5636
5628
5616
5640
5622
5614
5609
5596
5610
5600
5599
5588
5585
5594
5576
5570
5571
5559
5572
5563
5561
5563
5529
5543
5565
5590
5574
5580
5559
5561
5554
5564
5557
5553
5533
5550
5551
5530
5534
5474
5484
5465
5485
5490
5470
5476
5484
5475
5481
5451
5373
5373
5378
5396
5384
5395
5385
5377
5376
5395
5407
5381
5388
5385
5403
5405
5394
5404
5403
5405
5418
5411
5406
5409
5405
5409
5435
5446
5438
5448
5451
5519
5520
5528
5551
5537
5547
5545
5554
5564
5550
5566
5595
5644
5654
5670
5665
5661
5674
5667
5681
5687
5664
5672
5701
5684
5713
5693
5708
5721
5713
5741
5744
5738
5766
5751
5770
5776
5791
5784
5802
5805
5821
5818
5841
5838
5860
5876
5873
5876
5890
5894
5915
5930
5926
5927
5945
5956
5954
6021
6029
6055
6050
6065
6053
6063
6070
6068
6079
6115
6111
6134
6118
6146
6167
6181
6181
6220
6221
6236
6267
6261
6281
6305
6305
6332
6340
6368
6379
6397
6420
6416
6429
6466
6479
6488
6507
6514
6523
6603
6613
6630
6643
6653
6669
6674
6702
6720
6757
6672
6653
6631
6595
6563
6514
6477
6439
6404
6393
6328
6293
6265
6236
6207
6163
6144
6098
6077
6034
5950
5897
5878
5839
5814
5671
5640
5616
5580
5562
5564
5508
5491
5456
5431
5404
5388
5357
5346
5327
5298
5277
5250
5222
5218
5168
5240
5244
5228
5197
5184
5159
5145
5136
5102
5073
5072
5046
5047
5079
5068
5069
5059
5036
5031
5001
4997
4975
4939
4933
4901
4840
4840
4823
4813
4803
4773
4773
4759
4749
4729
4718
4704
4687
4673
4659
4645
4633
4617
4604
4583
4573
4571
4542
4542
4534
4515
4506
4504
4490
4472
4460
4443
4445
4414
4401
4429
4423
4419
4407
4400
4398
4393
4373
4384
4358
4354
4351
4331
4313
4310
4301
4284
4232
4243
4234
4231
4211
4219
4219
4205
4188
4192
4185
4171
4179
4171
4159
4146
4149
4134
4131
4118
4111
4100
4104
4094
4092
4096
4089
4081
4064
4063
4066
4051
4064
4034
4047
4043
4034
4032
4030
4020
4008
4021
3964
3976
4001
3994
4010
4008
4001
4012
4000
4012
3997
3994
3990
3997
3980
3980
3980
3986
3971
3964
3962
3952
3906
3911
3911
3936
3918
3916
3915
3916
3924
3921
3917
3910
3913
3909
3918
3896
3907
3895
3899
3914
3888
3907
3902
3894
3899
3892
3896
3899
3879
3899
3901
3879
3902
3894
3880
3891
3896
3908
3903
3908
3901
3916
3905
3916
3896
3913
3896
3879
3887
3916
3918
3927
3948
3941
3952
3941
3943
3958
3971
3963
3967
3971
3967
3976
3972
3976
3979
3978
3987
3910
3907
3899
3898
3920
3914
3915
3921
3936
3919
3921
3933
3935
3929
3938
3948
3865
3867
3877
3896
3898
3900
3906
3916
3910
3921
3926
3938
3949
3937
3947
3966
3977
3972
3973
3981
3987
3982
3992
3998
4007
3990
4008
4029
4019
4025
4031
4041
4046
4062
4072
4059
4065
4077
4081
4088
4184
4214
4205
4229
4233
4246
4258
4254
4279
4274
4284
4292
4316
4376
4405
4407
4417
4439
4445
4466
4465
4471
4479
4502
4487
4502
4511
4505
4492
4518
4533
4562
4564
4583
4594
4603
4616
4626
4638
4651
4662
4684
4698
4708
4729
4736
4756
4770
4780
4796
4807
4829
4837
4858
4875
4888
4894
4919
4929
4953
4956
5003
5043
5061
5099
5106
5137
5149
5166
5170
5197
5202
5225
5195
5232
5266
5275
5299
5309
5345
5366
5407
5415
5442
5468
5492
5509
5513
5557
5573
5595
5632
5651
5688
5696
5714
5756
5774
5866
5888
5938
5948
5998
6000
6043
6063
6041
6055
6131
6148
6182
6219
6266
6294
6319
6346
6406
6435
6465
6506
6539
6581
6623
6652
6688
6712
6851
6892
6925
6976
7023
7775
7829
7794
7788
7761
7746
7725
7760
7813
7852
7907
7966
8037
8111
8183
8270
8338
8410
8495
8668
8713
8734
8735
8698
8686
8659
8646
8634
8610
8587
8566
8546
8536
8514
8507
8482
8458
8444
8443
8416
8399
8374
8369
8352
8325
8321
8312
8290
8270
8271
8257
8239
8218
8210
8205
8172
8167
8140
8136
8122
8108
8124
8089
7836
7832
7807
7819
7780
7784
7771
7767
7745
7735
7732
7729
7726
7718
7703
7685
7694
7665
7659
7647
7640
7639
7632
7623
7609
7598
7589
7597
7581
7589
7574
7606
7664
7666
7680
7814
7809
7794
7797
7771
7781
7780
7778
7759
7754
7768
7766
7758
7755
7758
7742
7737
7738
7723
7714
7702
7702
7579
7576
7664
7699
7712
7721
7701
7699
7716
7701
7681
7664
7676
7677
7628
7646
7658
7675
7673
7699
7687
7705
7703
7713
7697
7594
7604
6478
6396
6408
6413
7448
7475
7470
7475
7471
7488
7116
6992
6953
6964
6937
6930
6913
6918
6896
6884
6865
6847
6832
6828
6832
6808
2051
2019
1973
1936
1933
1931
1919
1937
1936
1943
1959
6682
5066
1907
1908
1891
1891
1902
1903
1910
1942
4942
4940
2066
2059
2044
1990
1970
1981
1981
1964
1963
1987
1984
1964
4880
4884
4886
4889
4878
4883
4902
5332
5326
5307
5333
5990
6433
6438
6437
6420
6416
6414
6398
6390
6392
6403
6401
6380
6393
6400
6964
7060
7195
8240
8274
8277
8306
8316
8248
8219
8223
8113
8055
7987
7925
7871
7799
7748
7695
7617
7571
7521
7470
7393
7353
7294
7253
7186
7153
7079
7029
6988
6933
3420
3402
3374
3372
3334
3305
3286
3275
3252
3223
3206
3193
3180
3150
3132
3119
3083
3082
3129
3472
3498
3493
3509
3519
3538
3551
3558
3569
3534
3524
3502
3470
3460
3440
3439
3421
3400
3389
3393
3421
3433
3447
3456
3452
3493
3492
3560
3645
3609
3599
3594
3594
3595
3736
3735
3717
3709
3681
3710
3691
3668
3662
3710
4940
4953
4919
4891
4867
4859
4840
4823
4800
4781
4777
4758
4729
4724
4701
4686
4679
4656
4644
4627
4604
4305
4166
4166
4135
4130
4113
4110
4087
4069
4072
4043
3764
3569
3529
3523
3509
3518
3489
3499
3469
3482
3438
3441
3444
3445
3424
3313
3310
3307
3294
3279
3298
3275
3261
3269
3242
3241
3241
3233
3224
3218
3210
3199
3179
3177
3197
3194
3180
3167
3153
3157
3161
3155
3153
3140
3132
3122
3131
3118
3101
3102
3097
3088
3083
3074
3083
3076
3059
3064
3049
3051
3054
3046
3037
3105
3123
3121
3104
3119
3104
3102
3088
3091
3085
3094
3071
3084
3067
3069
3063
3066
3058
3058
3055
3061
3104
3139
3118
3110
3095
3088
3102
3090
3070
3079
3076
3074
3065
3066
3055
3057
3047
3050
3063
3060
3072
3055
3063
3060
3056
3062
3047
3019
3015
3031
3021
3032
3021
10
