4211
4237
4231
4239
4224
4226
4238
4235
4229
4227
4225
4225
4222
4221
4236
4209
4220
4218
263
4221
4225
4225
4231
4217
4224
4222
4219
4234
4221
4223
4224
4234
4217
4221
4228
4235
4225
4238
4237
4228
4229
4229
4238
4234
4230
4270
4268
4270
4271
4267
4282
4273
4290
4291
4288
4291
4285
4303
4296
4306
4304
4319
4322
4303
4309
4304
4313
4335
4331
4345
4343
4346
4354
4349
4350
4359
4361
4375
4383
4387
4390
4388
4395
4415
4414
4418
4422
4425
4438
4446
4446
4461
4463
4464
4482
4472
4484
4490
4495
4495
4521
4518
4522
4528
4521
4565
4578
4581
4586
4604
4600
4612
4619
4628
4645
4646
4661
4661
4685
4711
4712
4691
4707
4720
4739
4745
4765
4760
4778
4787
4797
4820
4828
4838
4846
4851
4872
4884
4891
4904
4917
4929
4941
4951
4971
4976
4993
5018
5021
5048
5059
5064
5082
5099
5095
5151
5182
5176
5196
5213
5214
5241
5249
5274
5309
5336
5360
5291
5285
5310
5323
5343
5366
5395
5398
5437
5425
5453
5473
5526
5519
5534
5429
5466
5490
5508
5528
5542
5568
5604
5618
5666
5659
5691
5711
5726
5764
5775
5795
5843
5861
5953
6017
6096
6129
6156
6235
6234
6299
6336
6366
6397
6427
6462
6481
6521
6558
6607
6635
6661
6700
6742
6771
6794
6847
6851
6958
6947
6926
6918
6890
6870
6831
6808
6786
6750
6717
6688
6683
6660
6637
6614
6603
6582
6568
6545
6535
6510
6493
6479
6467
6435
6415
6404
6392
6371
6358
6343
6322
6298
6296
6264
6290
6277
6275
6251
6246
6233
6220
6183
6175
6138
6123
6136
6112
6060
6064
6048
6050
6040
6014
6021
5992
5985
5982
5975
5959
5949
5921
5920
5922
5891
5896
5881
5865
5865
5854
5851
5826
5826
5815
5813
5793
5794
5774
5795
5812
5780
5799
5776
5775
5742
5749
5755
5720
5729
5719
5695
5663
5636
5625
5593
5605
5604
5583
5580
5587
5590
5505
5508
5497
5485
5479
5461
5466
5474
5473
5440
5442
5432
5430
5419
5417
5421
5431
5411
5421
5408
5423
5409
5385
5402
5402
5378
5394
5378
5379
5377
5372
5437
5470
5453
5446
5459
5453
5447
5436
5450
5437
5449
5439
5478
5531
5538
5540
5534
5529
5520
5525
5509
5519
5508
5499
5499
5493
5498
5502
5495
5481
5469
5496
5503
5519
5496
5488
5515
5506
5503
5529
5516
5522
5517
5507
5509
5522
5539
5542
5548
5542
5540
5539
5553
5561
5576
5551
5575
5571
5587
5566
5587
5600
5568
5581
5646
5659
5659
5648
5648
5636
5654
5662
5652
5665
5677
5683
5682
5683
5704
5678
5667
5706
5715
5722
5739
5729
5741
5768
5774
5781
5782
5772
5786
5806
5814
5820
5831
5846
5833
5860
5874
5877
5881
5906
5913
5915
5917
5927
5946
5948
6000
6021
6022
6037
6020
6038
6066
6047
6071
6071
6102
6104
6110
6033
6009
5958
5918
5876
5819
5770
5737
5681
5644
5620
5580
5518
5459
5437
5405
5232
5189
5143
5109
4936
4902
4847
4819
4785
4761
4723
4705
4658
4611
4610
4566
4540
4516
4479
4462
4431
4400
4380
4336
4452
4433
4399
4389
4368
4351
4324
4296
4276
4258
4227
4196
4181
4205
4201
4209
4196
4174
4166
4141
4131
4118
4072
4061
4022
4002
3934
3936
3919
3879
3885
3874
3843
3827
3826
3786
3770
3754
3747
3724
3729
3708
3691
3687
3653
3629
3633
3615
3610
3575
3559
3547
3543
3547
3531
3492
3509
3475
3466
3463
3443
3437
3414
3388
3384
3400
3384
3389
3396
3371
3366
3364
3332
3334
3329
3312
3318
3313
3295
3280
3268
3255
3250
3250
3245
3163
3161
3173
3150
3143
3139
3138
3129
3112
3109
3107
3094
3104
3080
3080
3075
3061
3056
3033
3038
3021
3027
3020
3008
3012
2990
2995
2983
2975
2986
2974
2953
2960
2950
2944
2940
2938
2938
2935
2927
2917
2902
2911
2896
2893
2894
2893
2859
2881
2855
2871
2862
2861
2862
2856
2843
2816
2813
2823
2848
2838
2839
2836
2834
2841
2839
2837
2827
2823
2831
2822
2825
2820
2814
2814
2810
2809
2804
2800
2801
2787
2790
2777
2774
2772
2771
2724
2725
2724
2726
2729
2729
2739
2734
2722
2721
2729
2726
2720
2728
2715
2720
2713
2709
2712
2708
2709
2718
2702
2700
2711
2708
2707
2700
2699
2702
2702
2698
2701
2702
2698
2694
2698
2696
2697
2687
2692
2712
2689
2690
2688
2693
2688
2695
2703
2697
2698
2708
2694
2701
2696
2696
2702
2706
2690
2698
2689
2693
2701
2711
2707
2709
2704
2706
2694
2690
2683
2719
2728
2744
2739
2745
2747
2757
2747
2760
2766
2763
2768
2772
2770
2784
2768
2787
2783
2786
2788
2797
2798
2782
2799
2784
2796
2800
2803
2759
2731
2726
2741
2740
2738
2751
2748
2741
2754
2754
2764
2762
2767
2773
2752
2766
2771
2786
2789
2790
2788
2794
2764
2753
2756
2752
2761
2757
2759
2770
2774
2782
2782
2790
2791
2795
2792
2812
2818
2817
2821
2822
2833
2829
2836
2857
2859
2865
2879
2877
2874
2883
2897
2897
2919
2906
2915
2918
2924
2926
2933
2940
2947
2952
2960
2977
2967
2992
2991
2999
3024
3013
3031
3042
3095
3153
3147
3164
3161
3180
3193
3199
3202
3229
3244
3241
3246
3258
3275
3280
3385
3400
3426
3418
3434
3446
3469
3475
3489
3486
3521
3504
3519
3539
3534
3536
3518
3557
3568
3577
3598
3618
3630
3656
3657
3684
3681
3706
3727
3756
3764
3775
3795
3793
3823
3815
3853
3880
3900
3897
3919
3943
3954
3975
3999
4019
4032
4050
4082
4087
4085
4115
4207
4237
4256
4274
4295
4334
4347
4368
4377
4391
4418
4392
4443
4460
4489
4513
4538
4574
4604
4621
4649
4688
4708
4741
4770
4794
4832
4865
4899
4931
4956
4996
5031
5058
5070
5207
5256
5280
5326
5347
5370
5387
5381
5444
5521
5540
5575
5631
5663
5726
5775
5825
5868
5906
5973
6015
6054
6101
6268
6326
6378
6416
6686
7194
7172
7162
7216
7289
7352
7436
7507
7581
7709
7812
7895
8065
8216
8268
8238
8220
8211
8202
8177
8151
8134
8146
8146
8127
8106
8090
8098
8069
8073
8047
8030
8036
8041
7991
7995
8002
7991
7982
7980
7961
7953
7953
7932
7923
7935
7912
7913
7906
7901
7878
7885
7872
7864
7841
7821
7834
7831
7844
7835
7813
7591
7557
7561
7573
7558
7536
7547
7532
7534
7527
7516
7523
7521
7510
7500
7510
7518
7509
7487
7510
7505
7495
7491
7486
7489
7475
7486
7481
7480
7463
7468
7482
7465
7563
7589
7587
7661
7668
7666
7688
7662
7689
7713
7707
7720
7699
7720
7724
7743
7730
7723
7730
7746
7737
7750
7773
7731
7739
7708
7594
7619
7780
7781
7790
7784
7780
7791
7790
7801
7817
7801
7811
7817
7843
7841
7837
7848
7849
7869
7886
7866
7870
7853
7767
7750
7727
7639
7670
7659
7658
7664
6697
6606
6605
6634
7716
7732
7354
7230
7216
7196
7191
7189
7172
7168
7165
7168
7153
7138
7123
7131
7123
7111
7115
7103
7113
7095
7091
7077
7078
7076
7075
7061
7058
7052
7061
7051
7047
7038
7034
7032
7036
7043
7028
7034
7014
4754
4834
5385
5402
5381
5400
5391
5379
5394
5391
5390
5384
5410
5401
5411
5382
5393
5398
5409
5408
5414
5395
5396
5415
5392
5411
5408
5418
5533
6971
6961
6981
6990
6994
6998
7007
8860
8857
8835
8779
8707
8638
8585
8545
8486
8433
8390
8333
8301
2569
2584
2567
2537
2518
2500
2484
2492
2468
2463
2479
2478
2477
7668
7658
2703
2619
2536
2510
2519
2544
2600
2608
2623
2611
2606
2618
2623
7089
7062
7035
6997
6974
6948
6917
6880
6847
6819
6795
4208
4200
4187
4176
4145
4138
4114
4085
4096
4057
4037
4043
4022
4012
4003
3966
3971
3944
3946
4357
4425
4423
4400
4380
4363
4362
4331
4320
4320
4287
4316
4340
4362
4389
4430
4505
4552
4545
4528
4588
4680
4666
4646
4668
4666
4641
4756
5794
5750
5740
5734
5727
5708
5698
5674
5653
5649
5633
5619
5600
5229
5185
5176
5171
5155
5158
5130
5127
5119
5113
5081
5085
4805
4633
4598
4582
4584
4569
4562
4551
4538
4528
4524
4521
4498
4427
4407
4409
4387
4387
4381
4369
4362
4345
4342
4343
4342
4336
4329
4327
4317
4310
4291
4299
4292
4294
4280
4281
4259
4255
4262
4254
4233
4247
4239
4239
4237
4221
4222
4224
4211
4201
4237
4265
4258
4254
4263
4247
4250
4247
4248
4229
4233
4231
4238
4227
4229
4256
4301
4283
4291
4279
4282
4271
4275
4268
4270
4266
4260
4259
4257
4245
4254
4260
4250
4259
4233
