5266
5277
5261
5268
5265
5257
5266
5261
5272
5266
5253
5263
5246
5271
5260
5252
5263
5270
5259
5271
5241
5255
5198
5051
5022
313
5021
5036
5017
5047
5043
5022
5033
5031
5028
5038
5049
5048
5037
5064
5050
5063
5070
5071
5081
5065
5090
5081
5096
5085
5097
5088
5078
5089
5095
5100
5101
5098
5111
5103
5114
5123
5116
5138
5130
5132
5125
5140
5160
5146
5172
5239
5268
5294
5417
5450
5445
5461
5474
5471
5484
5496
5505
5514
5495
5485
5521
5522
5549
5541
5570
5586
5573
5568
5585
5605
5605
5621
5629
5649
5639
5605
5661
5684
5590
5548
5563
5732
5740
5751
5776
5759
5781
5789
5807
5791
5813
5817
5855
5845
5869
5876
5893
5897
5919
5925
5957
5941
5961
5996
5983
6009
6045
5961
5921
5928
5917
5922
5883
5848
5846
5872
5871
5887
5901
5924
5934
5949
5962
5994
6009
6026
6036
6073
6072
6082
6105
6109
5601
5576
5007
4939
4926
4928
4957
5166
5599
5578
5592
5592
5629
5594
5584
5625
5610
5615
5631
5633
5630
5645
5629
5654
5644
5674
5651
5671
5665
5656
5666
5666
5674
5692
5695
5715
5711
5724
5730
5734
5728
5769
5763
5776
5771
5769
5802
5813
5799
5825
5832
5839
5855
5834
5854
5868
5874
5897
5883
5919
5907
5932
5946
5932
5960
5964
5971
5980
5993
5990
6015
6021
6035
5303
4860
4801
4809
4824
4792
4764
4707
4652
4632
4589
4539
4496
4421
4424
4432
4458
4451
4479
4481
4483
4502
4527
4521
4547
4557
4564
4591
4495
3825
4259
4636
4647
4671
4675
4695
4709
7089
7070
7074
7013
6994
6981
6966
6948
6945
6919
6910
6884
6880
6872
6860
6839
6835
6808
6806
6791
6782
6764
6761
6748
6734
6720
6710
6707
6691
6678
6666
6656
6648
6646
6636
6617
6612
6603
6591
6587
6564
6573
6559
6550
6531
6533
6519
6532
6502
6507
6489
6482
6477
6470
6462
6458
6444
6449
6439
6428
6418
6425
6410
6413
6404
6404
6385
6405
6380
6369
6365
6372
6367
6347
6347
6351
6367
6335
6349
6344
6330
6343
6316
6330
6315
6321
4469
4454
4455
4441
4449
4453
4442
4423
4427
4431
4434
4425
4429
4430
4431
4423
4430
4419
4426
4427
4419
4408
4604
5924
5946
5920
5930
5930
5936
5938
5930
5936
5944
5940
5951
5928
5950
5960
5945
5967
5950
5801
5655
5566
5548
5543
5549
5577
5563
5552
5560
5579
3158
2980
2938
2954
2946
2938
2954
2944
2949
2949
2941
2949
2956
2970
3079
3127
3153
3134
5589
5582
5573
5575
5589
5586
5593
5602
5620
5620
5636
5628
5634
5659
5652
5670
5734
5762
5763
5766
5775
5774
5788
5794
5865
5886
5896
5891
5902
5896
5926
5918
5949
5967
5978
5969
5974
5959
5984
6015
6002
6026
6026
6029
6064
6063
6066
6084
6095
6094
6127
6142
6143
6172
6173
6193
6191
6202
6207
6227
6242
6253
6262
6295
6296
6335
6360
6357
6375
6389
6396
6434
6436
6452
6509
6505
6474
6505
6522
6541
6560
6570
6602
6616
6631
6646
6673
6688
6704
6730
6769
6771
6795
6819
6825
6848
6872
6896
6904
6925
6986
7005
7010
7031
7056
7091
7104
7148
7181
7169
7198
7235
7259
7281
7322
7334
7370
7391
7419
7469
7488
7512
7546
7584
7608
7637
7673
7696
7717
7793
7809
7844
7870
7916
7970
7965
7963
7988
8031
8053
8090
8134
8169
8197
8242
8160
8210
8229
8271
8323
8358
8392
8438
8503
8540
8591
8634
8714
8883
8964
9009
9113
9143
9185
9239
9296
9378
9418
9454
9536
9587
9614
9661
9727
9693
9676
9651
9622
9590
9563
9467
9462
9469
9447
9384
9369
9349
9322
9282
9266
9247
9216
9190
9179
9151
9113
9106
9053
9109
9082
9064
9034
9017
8984
8966
8935
8898
8872
8853
8837
8824
8790
8784
8773
8757
8726
8709
8700
8676
8663
8631
8624
8620
8585
8571
8564
8529
8578
8561
8552
8536
8509
8504
8472
8456
8429
8355
8360
8340
8325
8309
8313
8227
8222
8198
8179
8168
8172
8142
8143
8136
8118
8116
8114
8108
8074
8058
8049
8060
8028
8039
8031
8099
8063
8094
8059
8073
8055
8039
8033
8047
8107
8107
8102
8072
8072
8064
8041
8037
8028
8023
8029
7987
7990
8000
7989
7985
7983
7979
7975
7964
7990
7990
7963
7952
7958
7955
7958
7969
7957
7952
7940
7934
7945
7937
7925
7962
7980
7991
7967
7967
7951
7943
7950
7938
7934
7961
7927
7925
7935
7943
7931
7935
7951
7965
7953
7957
7949
7968
7972
7967
7958
7980
7966
7980
7975
7985
7983
7990
7984
7968
8018
8021
8027
8041
8035
8042
8041
8031
8029
8057
7975
7952
7780
7138
7065
6390
6249
6087
6140
6304
6182
6051
5951
5835
5840
5846
5791
5540
5455
5369
5294
5197
5104
5037
4959
4873
4801
4705
4715
4667
4634
4601
4374
4339
4275
4233
4185
4126
4079
4027
3966
3927
3881
3833
3778
3757
3704
3646
3589
3581
3581
3575
3549
3511
3490
3463
3423
3385
3224
3233
3195
3165
3131
3110
3095
3056
3026
3008
2978
2948
2935
2907
2887
2848
2838
2812
2773
2761
2738
2716
2708
2687
2652
2634
2620
2598
2571
2559
2526
2496
2525
2533
2511
2494
2485
2478
2465
2457
2432
2425
2413
2402
2381
2369
2367
2312
2249
2197
2183
2163
2151
2130
2140
2079
1968
1955
1934
1920
1923
1907
1915
1898
1867
1874
1858
1840
1858
1821
1804
1809
1796
1809
1779
1784
1764
1763
1754
1750
1750
1733
1745
1726
1717
1703
1696
1684
1672
1675
1664
1668
1646
1638
1634
1630
1613
1619
1616
1620
1628
1579
1593
1569
1592
1553
1555
1563
1562
1556
1528
1536
1521
1511
1528
1531
1504
1497
1514
1501
1495
1496
1493
1489
1479
1467
1457
1517
1549
1563
1539
1538
1541
1552
1538
1539
1517
1503
1508
1508
1493
1500
1512
1501
1483
1462
1486
1472
1482
1494
1482
1468
1464
1460
1439
1453
1449
1459
1449
1451
1454
1444
1432
1436
1428
1428
1423
1421
1429
1412
1415
1412
1403
1421
1405
1404
1405
1406
1392
1409
1422
1419
1449
1454
1437
1459
1442
1424
1426
1439
1442
1431
1439
1435
1421
1433
1404
1430
1433
1396
1424
1420
1421
1399
1417
1403
1409
1399
1407
1402
1414
1405
1415
1401
1406
1401
1392
1395
1398
1385
1389
1387
1381
1386
1383
1378
1389
1374
1369
1354
1355
1369
1352
1367
1351
1372
1341
1310
1310
1314
1298
1331
1331
1334
1321
1332
1331
1327
1331
1322
1337
1327
1329
1333
1333
1335
1319
1324
1332
1334
1338
1332
1342
1343
1322
1328
1323
1335
1320
1339
1333
1327
1315
1331
1320
1321
1329
1335
1339
1331
1310
1324
1345
1344
1317
1327
1354
1340
1337
1351
1347
1354
1354
1351
1352
1347
1351
1359
1350
1353
1353
1347
1359
1353
1361
1367
1355
1364
1348
1347
1353
1360
1375
1354
1383
1353
1366
1363
1380
1370
1355
1393
1376
1364
1393
1388
1378
1383
1387
1406
1382
1396
1390
1417
1396
1389
1390
1408
1407
1408
1414
1415
1425
1410
1396
1417
1421
1412
1423
1440
1421
1421
1458
1440
1422
1438
1439
1446
1447
1441
1458
1460
1449
1485
1467
1453
1467
1444
1460
1471
1467
1470
1481
1520
1549
1520
1554
1547
1563
1544
1563
1572
1581
1576
1580
1584
1583
1579
1603
1620
1602
1613
1631
1620
1625
1608
1640
1618
1623
1640
1655
1651
1648
1644
1677
1654
1668
1667
1670
1679
1691
1685
1697
1690
1690
1668
1669
1654
1688
1693
1726
1710
1722
1721
1740
1738
1756
1752
1781
1771
1796
1780
1780
1812
1816
1816
1820
1849
1824
1849
1854
1858
1880
1895
1906
1885
1908
1912
1926
1938
1938
1952
1943
1969
1978
1986
1993
1996
2019
2034
2042
2042
2044
2084
2069
2091
2103
2119
2128
2131
2152
2158
2167
2187
2183
2209
2215
2232
2257
2252
2262
2277
2268
2344
2372
2384
2418
2431
2456
2479
2472
2492
2514
2526
2537
2555
2567
2581
2586
2598
2574
2580
2637
2653
2672
2686
2717
2744
2764
2781
2803
2829
2846
2862
2898
2917
2943
2975
2993
3020
3047
3087
3100
3128
3159
3191
3206
3244
3280
3301
3305
3480
3513
3552
3580
3607
3656
3835
4390
4381
4386
4376
4437
4491
4550
4596
4663
4712
4773
4895
4975
5043
5114
5227
5451
5447
5492
5492
5472
5481
5457
5452
5447
5419
5440
5438
5434
5425
5414
5412
5412
5392
5394
5368
5377
5383
5365
5356
5370
5349
5343
5354
5325
5334
5319
5319
5312
5306
5302
5309
5322
5308
5310
5315
5290
5290
5290
5287
5292
5271
5283
5284
5289
5283
5268
5263
5274
