6561
6558
6555
6556
6546
6553
6540
6558
6628
6626
6616
6630
6618
6624
6614
6606
6598
6589
6594
6591
6597
6566
6579
6590
6586
401
6595
6592
6592
6602
6601
6600
6602
6602
6601
6606
6607
6611
6620
6622
6625
6630
6623
6635
6638
6635
6640
6649
6646
6630
6697
6698
6700
6701
6701
6697
6696
6705
6704
6705
6717
6714
6723
6711
6708
6738
6744
6754
6764
6773
6774
6772
6786
6788
6799
6807
6812
6813
6831
6851
6846
6856
6859
6870
6868
6873
6888
6889
6910
6921
6950
6976
6999
6990
7011
7000
7010
7010
7026
7029
7036
7023
6949
6895
6820
6739
6660
6597
6536
6476
6419
6354
6228
6148
5824
5761
5706
5659
5597
5521
5499
5436
5395
5338
5294
5261
5198
5179
5257
5292
5224
5189
5146
5100
5063
5033
4990
4998
5001
5010
5001
4956
4932
4905
4853
4819
4699
4690
4651
4629
4600
4570
4536
4518
4487
4452
4444
4394
4374
4340
4310
4291
4269
4237
4210
4192
4176
4148
4118
4083
4066
4034
4063
4029
4018
3996
3997
3984
3955
3947
3935
3904
3881
3848
3813
3737
3741
3714
3703
3716
3686
3658
3651
3635
3615
3587
3588
3566
3566
3540
3537
3508
3503
3484
3457
3458
3438
3447
3400
3408
3387
3364
3350
3341
3324
3309
3317
3298
3282
3283
3248
3254
3249
3210
3185
3186
3228
3202
3194
3190
3197
3173
3163
3151
3159
3142
3129
3139
3101
3115
3084
3084
3060
3055
3056
3033
3013
2972
2967
2979
2963
2955
2959
2945
2934
2927
2922
2923
2909
2891
2885
2885
2877
2871
2868
2854
2845
2850
2846
2833
2823
2823
2817
2804
2797
2796
2784
2785
2789
2771
2770
2764
2753
2750
2746
2739
2740
2731
2727
2720
2713
2719
2714
2704
2696
2688
2707
2688
2685
2666
2675
2673
2664
2665
2646
2645
2635
2623
2628
2652
2658
2642
2645
2642
2640
2642
2649
2639
2643
2642
2628
2639
2632
2637
2618
2624
2624
2628
2626
2623
2616
2612
2612
2606
2604
2592
2587
2560
2528
2529
2511
2513
2505
2509
2504
2510
2499
2493
2509
2504
2492
2483
2486
2477
2484
2486
2484
2491
2404
2390
2388
2391
2400
2384
2396
2392
2388
2393
2391
2388
2393
2383
2390
2389
2382
2372
2380
2385
2386
2380
2380
2385
2375
2375
2380
2386
2382
2385
2393
2382
2392
2385
2409
2398
2389
2393
2396
2394
2396
2398
2410
2409
2409
2405
2400
2412
2414
2419
2421
2410
2418
2434
2427
2413
2425
2425
2438
2424
2434
2432
2435
2439
2438
2454
2454
2454
2458
2443
2457
2485
2535
2537
2544
2540
2554
2553
2544
2555
2555
2557
2566
2569
2572
2578
2572
2588
2589
2589
2592
2602
2601
2597
2602
2616
2672
2710
2700
2711
2724
2721
2720
2732
2737
2747
2756
2756
2753
2774
2763
2771
2774
2767
2782
2786
2785
2792
2802
2801
2794
2761
2795
2787
2812
2814
2822
2818
2838
2842
2846
2853
2861
2872
2876
2882
2904
2891
2895
2922
2915
2928
2936
2938
2935
2975
2964
2968
2984
2988
2979
3006
3018
3027
3029
3043
3049
3057
3086
3085
3086
3097
3118
3114
3137
3139
3145
3151
3157
3176
3171
3186
3214
3219
3199
3218
3282
3297
3308
3315
3355
3362
3367
3389
3391
3397
3417
3423
3438
3451
3457
3479
3472
3447
3448
3500
3508
3530
3545
3561
3563
3596
3615
3634
3642
3655
3688
3699
3703
3715
3742
3771
3776
3806
3812
3838
3853
3872
3899
3925
3946
3964
3976
4004
4016
4049
4053
4064
4139
4185
4207
4239
4258
4303
4313
4328
4348
4352
4371
4353
4412
4429
4466
4505
4533
4565
4587
4619
4648
4679
4710
4752
4784
4808
4846
4885
4925
4940
4990
5022
5036
5163
5226
5278
5264
5345
5366
5755
6137
6130
6124
6115
6091
6119
6176
6234
6286
6344
6399
6461
6564
6646
6712
6782
6857
7025
7136
7146
7159
7149
7139
7135
7111
7096
7093
7075
7063
7063
7020
7028
7030
7012
6991
6995
6978
6965
6946
6959
6914
6923
6923
6903
6901
6888
6886
6873
6869
6855
6852
6839
6830
6817
6816
6817
6808
6806
6791
6765
6774
6760
6756
6753
6759
6745
6729
6728
6720
6715
6715
6702
6711
6682
6459
6446
6435
6437
6439
6438
6442
6427
6427
6419
6421
6409
6415
6399
6398
6386
6400
6398
6394
6394
6389
6394
6385
6376
6380
6378
6398
6372
6376
6381
6371
6377
6371
6368
6379
6376
6371
6363
6419
6468
6486
6476
6603
6613
6603
6606
6617
6608
6619
6626
6623
6627
6611
6641
6643
6640
6646
6648
6657
6654
6649
6665
6664
6673
6675
6660
6664
6694
6549
6545
6642
6701
6716
6719
6715
6709
6730
6735
6749
6716
6753
6753
6763
6771
6774
6780
6787
6798
6797
6819
6817
6822
6824
6842
6841
6822
6738
6732
6713
6705
6615
6631
6646
6648
6650
6661
6666
6687
5743
5605
5581
5603
5644
6620
6239
6230
6201
6212
6205
6207
6186
6188
6181
6191
6171
6185
6167
6169
6172
6165
6157
6172
6153
6154
6151
6143
6140
6138
6127
6147
6145
6129
6119
6141
6124
6143
6128
6129
6127
6122
6126
6118
6138
6130
6141
6123
6135
6138
6122
6128
6113
6120
6128
6133
6130
6119
4997
4960
4906
4619
4519
4515
3985
3877
4479
4522
4523
4535
4539
4539
4537
4543
4556
4553
4550
4557
4563
4562
4573
4579
4579
4580
4592
4596
4599
4604
4611
4613
4618
4626
4632
4627
7810
6202
6127
7700
7641
7597
6360
7552
7511
7459
7441
7387
7375
7322
7297
7282
7240
7205
7186
7141
7128
7086
7078
7029
6998
6968
6949
6921
6890
6851
6782
6758
6722
6698
6675
6654
6622
6601
6579
6547
6531
6508
6501
6459
6436
6417
6397
6382
6358
6345
6307
6287
6278
6267
6232
6229
6207
6171
6156
6145
6104
6093
6092
6075
6060
6039
6014
6012
5980
5959
5962
5915
5924
5912
5908
5885
5855
5849
1965
1988
1972
1982
1968
1956
1956
1940
1952
1940
1922
1929
1926
1912
1918
1896
1913
1929
1938
2090
2100
2009
1977
1952
1937
1947
1955
1979
2001
2300
2134
3925
3933
3979
4010
4074
4195
4189
4229
4327
4322
4349
4338
4326
4415
5354
5345
5330
5332
5318
5333
5316
5303
4944
4937
4936
4925
4925
4912
4913
4896
4895
4891
4892
4872
4878
4875
4869
4858
4859
4853
4690
4431
4418
4418
4410
4399
4391
4396
4396
4391
4392
4357
4381
4384
4377
4378
4286
4311
4295
4293
4290
4272
4281
4270
4280
4266
4276
4282
4272
4271
4260
4268
4257
4254
4271
4247
4270
4257
4262
4263
4254
4238
4255
4263
4248
4253
4241
4255
4259
4247
4257
4234
4266
4264
4254
4273
4349
4358
4335
4348
4365
4354
4351
4358
4358
4357
4360
4372
4414
4442
4440
4435
4438
4436
4437
4431
4438
4444
4444
4448
4445
4454
4464
4467
4471
4469
4455
4442
4464
4469
4472
4474
4477
4485
4479
4494
4494
4500
4501
4518
4518
4521
4526
4531
4533
4551
4534
4548
4567
4559
4563
4581
4575
4579
4586
4594
4604
4608
4622
4625
4622
4634
4644
4646
4640
4665
4651
4690
4709
4707
4712
4717
4729
4735
4740
4753
4759
4766
4782
4793
4803
4823
4833
4805
4807
4833
4850
4851
4857
4875
4876
4893
4908
4919
4930
4936
4945
4957
4979
4986
5005
5014
5021
5034
5039
5041
5072
5077
5097
5104
5127
5122
5139
5160
5159
5188
5186
5250
5239
5266
5273
5290
5297
5315
5346
5348
5364
5376
5429
5395
5421
5434
5464
5471
5493
5523
5539
5562
5576
5601
5608
5627
5669
5683
5699
5714
5744
5743
5774
5797
5824
5838
5854
5895
5896
5896
5983
5998
6027
6049
6071
6108
6118
6165
6191
6163
6149
6172
6211
6226
6256
6280
6319
6347
6367
6400
6433
6339
6382
6408
6441
6464
6494
6536
6576
6604
6637
6656
6701
6753
6776
6827
6855
6915
7078
7158
7191
7249
7320
7355
7406
7443
7479
7538
7598
7622
7668
7718
7775
7790
7842
7906
7937
7921
7915
7877
7850
7852
7811
7784
7749
7702
7705
7690
7669
7633
7616
7597
7591
7569
7537
7526
7499
7498
7485
7451
7455
7420
7401
7391
7368
7357
7323
7325
7336
7341
7308
7304
7277
7275
7250
7235
7206
7197
7169
7145
7127
7136
7126
7117
7078
7077
7066
7065
7055
7025
7021
7023
7003
6994
6980
6979
6960
6950
6922
6932
6920
6913
6901
6874
6882
6917
6884
6887
6886
6873
6873
6854
6831
6817
6821
6795
6750
6728
6720
6715
6699
6703
6695
6679
6627
6610
6592
6597
6591
6577
6568
6569
6559
6555
6551
6547
6536
6525
6526
6522
6518
6517
6510
6506
6500
6498
6497
6495
6493
6505
6555
6566
6570
