7756
7760
7748
7745
7746
7748
7762
7759
7771
7822
7827
7814
7838
7798
7803
7809
7789
7778
486
7791
7766
7776
7793
7796
7783
7779
7806
7802
7788
7806
7797
7805
7819
7792
7819
7813
7803
7813
7821
7815
7825
7818
7854
7835
7710
7516
7489
7444
7412
7435
7479
7561
7758
7893
7887
7898
7890
7901
7907
7919
7925
7944
7923
7940
7957
7954
7951
7976
7975
7981
7986
8009
8017
8006
8018
8036
8044
8055
8056
8071
8110
8118
8138
8139
8141
8144
8153
8159
8169
8124
8026
7926
7819
7727
7633
7534
7464
7193
7123
7032
6951
6876
6791
6686
6615
6550
6451
6430
6373
6316
6252
6182
6125
6067
6065
6075
6049
6002
5965
5914
5720
5714
5657
5616
5566
5520
5457
5409
5376
5331
5291
5241
5184
5152
5110
5073
5018
5044
4997
4969
4949
4922
4895
4857
4824
4692
4684
4654
4625
4592
4559
4530
4502
4468
4453
4420
4388
4349
4323
4308
4268
4260
4217
4212
4182
4165
4130
4117
4087
4060
4024
4046
4016
4018
3998
3971
3951
3938
3915
3914
3874
3853
3825
3815
3739
3722
3730
3705
3683
3661
3655
3627
3610
3604
3583
3572
3543
3526
3501
3501
3498
3478
3462
3455
3419
3411
3396
3401
3380
3359
3333
3327
3325
3315
3306
3297
3285
3256
3252
3234
3222
3195
3200
3176
3190
3178
3185
3188
3174
3149
3157
3153
3138
3139
3123
3101
3112
3098
3082
3066
3059
3059
3032
2981
2931
2924
2913
2911
2911
2894
2883
2873
2873
2857
2857
2845
2738
2743
2710
2719
2714
2709
2707
2704
2703
2691
2688
2685
2661
2671
2656
2644
2639
2634
2628
2628
2626
2624
2624
2608
2604
2606
2606
2594
2585
2575
2571
2565
2571
2569
2561
2550
2549
2545
2534
2541
2534
2532
2516
2514
2513
2516
2506
2498
2500
2497
2489
2497
2491
2491
2479
2474
2480
2465
2458
2491
2539
2532
2523
2534
2522
2518
2517
2525
2514
2505
2505
2505
2512
2508
2494
2500
2486
2492
2481
2484
2494
2483
2485
2470
2480
2473
2470
2469
2485
2475
2582
2548
2542
2534
2532
2540
2539
2530
2521
2535
2533
2530
2522
2518
2527
2530
2531
2540
2521
2529
2519
2521
2536
2514
2514
2517
2516
2509
2502
2511
2494
2476
2483
2473
2471
2491
2491
2496
2491
2500
2488
2498
2496
2499
2496
2495
2496
2494
2500
2504
2501
2506
2512
2521
2506
2511
2506
2504
2508
2514
2515
2519
2518
2521
2524
2520
2524
2523
2525
2524
2543
2536
2537
2538
2551
2541
2540
2545
2548
2541
2549
2557
2557
2557
2556
2566
2568
2568
2568
2572
2583
2573
2583
2586
2582
2580
2598
2593
2607
2605
2611
2614
2603
2608
2614
2602
2635
2655
2665
2670
2675
2679
2699
2681
2703
2703
2707
2702
2715
2723
2721
2742
2738
2737
2744
2752
2750
2755
2762
2770
2763
2766
2771
2761
2740
2775
2757
2779
2790
2792
2809
2803
2811
2818
2817
2836
2834
2846
2845
2867
2857
2889
2877
2896
2886
2898
2915
2918
2924
2935
2945
2938
2966
2958
2975
2986
2979
3006
3014
3015
3041
3043
3040
3053
3057
3070
3073
3095
3108
3115
3126
3122
3139
3156
3163
3170
3192
3155
3194
3245
3273
3271
3304
3318
3336
3343
3353
3363
3370
3380
3400
3398
3419
3423
3448
3453
3429
3427
3452
3484
3495
3521
3521
3539
3560
3582
3593
3608
3625
3653
3669
3673
3696
3720
3723
3757
3774
3787
3788
3831
3832
3854
3880
3894
3923
3948
3958
3979
4013
4036
4016
4097
4147
4185
4210
4240
4254
4279
4302
4328
4346
4719
5169
5138
5145
5116
5126
5100
5100
5078
5060
5039
5050
5096
5113
5167
5191
5228
5272
5309
5326
5380
5462
5514
5546
5598
5654
5694
5766
5800
5976
6037
6035
6078
6070
6051
6027
6018
6019
5991
5979
5966
5946
5945
5933
5921
5916
5906
5899
5888
5864
5861
5856
5826
5825
5829
5808
5798
5797
5786
5774
5774
5753
5753
5735
5710
5715
5709
5684
5680
5694
5673
5679
5645
5656
5638
5655
5626
5636
5637
5611
5604
5587
5568
5591
5578
5562
5577
5565
5560
5548
5542
5550
5534
5518
5517
5540
5275
5268
5267
5259
5262
5265
5249
5260
5256
5240
5229
5229
5233
5228
5226
5210
5201
5212
5213
5204
5189
5212
5212
5192
5183
5187
5180
5194
5184
5186
5183
5186
5185
5182
5182
5179
5174
5181
5179
5172
5172
5170
5163
5167
5174
5157
5168
5236
5268
5283
5285
5358
5427
5397
5419
5423
5427
5424
5417
5435
5431
5434
5429
5429
5417
5450
5445
5466
5464
5446
5475
5451
5485
5475
5489
5485
5474
5474
5475
5475
5482
5482
5503
5481
5357
5371
5509
5534
5539
5537
5556
5532
5556
5561
5571
5573
5572
5537
5590
5596
5603
5615
5619
5611
5625
5625
5642
5639
5647
5647
5670
5668
5681
5689
5699
5691
5665
5595
5609
5572
5571
5558
5479
5494
5512
5525
5521
5526
5545
5526
5571
5560
5590
5586
5588
4664
4491
4484
4485
4502
4502
5078
5117
5127
5127
5117
5111
5115
5115
5096
5101
5113
5097
5104
5104
5098
5102
5099
5097
5102
5096
5103
5108
5104
5099
5105
5090
5088
5101
5093
5084
5094
5102
5101
5093
5106
5105
5106
5117
5109
5114
5113
5110
5117
5125
5117
5121
5123
5126
5135
5149
5151
5157
5150
5164
5151
5157
5165
5154
5165
5163
5164
5173
5184
5184
5202
5199
5194
5187
5202
5213
4140
4023
4012
4001
3947
3869
3808
3747
3697
3617
3592
3598
3605
3598
3611
3628
3612
3613
3633
3643
3647
3653
2990
2982
3348
3679
3691
3682
3706
3693
3707
3729
3715
3744
3746
3724
3753
3770
3775
3775
3796
3783
3799
3811
3819
3839
3852
6443
6421
6397
6381
6355
6327
6316
6293
6274
6249
6231
6219
6193
6197
6169
6164
6089
6065
6041
6021
6014
6001
5981
5984
5956
5941
5923
5901
5900
5871
5869
5854
5830
5820
5802
5787
5790
5745
5752
5728
5723
5716
5708
5677
5676
5668
5651
5660
5635
5631
5622
5610
5586
5593
5588
5555
5541
5537
5535
5508
5513
5511
5489
5471
5484
5458
5441
5453
5434
5438
5430
5407
5393
5383
5379
5381
5372
5358
5350
5347
5346
5340
5328
5313
5296
5306
5294
5294
5274
5278
5272
5268
5256
5243
5251
5238
5225
5229
5233
5230
5232
5225
5227
5212
5211
3373
3305
3316
3309
3314
3316
3320
3298
3291
3293
3295
3298
3291
3298
3293
3292
3281
3292
3276
3268
3277
3281
3288
3269
3276
3282
3279
3282
3269
3309
4136
4145
4153
4846
4783
4781
4781
4784
4783
4786
4783
4779
4776
4785
4786
4774
4787
4785
4773
4779
4781
4782
4785
4786
4789
4794
4780
4535
4479
4389
4381
4386
4391
4386
4396
4384
4398
4402
4413
4409
1976
1961
1825
1773
1772
1776
1784
1772
1760
1781
1771
1767
1784
1783
1785
1784
1784
1764
1771
1789
1786
1784
1854
1871
1889
1885
1884
4436
4424
4438
4439
4449
4452
4456
4461
4468
4473
4479
4482
4493
4513
4508
4537
4603
4604
4619
4626
4625
4627
4635
4642
4665
4658
4732
4735
4747
4745
4762
4769
4775
4782
4797
4796
4813
4824
4820
4842
4863
4824
4844
4866
4873
4878
4895
4911
4919
4935
4942
4944
4947
4965
4973
4999
5004
5018
5021
5033
5050
5060
5079
5087
5093
5103
5115
5122
5145
5170
5185
5191
5198
5210
5198
5267
5293
5301
5300
5303
5314
5351
5378
5371
5400
5430
5455
5429
5435
5464
5487
5508
5539
5544
5571
5583
5579
5617
5641
5647
5674
5682
5711
5730
5756
5787
5815
5804
5850
5876
5868
5906
5927
5931
6001
6027
6041
6063
6078
6141
6138
6171
6206
6198
6251
6267
6280
6309
6349
6380
6405
6435
6474
6492
6526
6546
6590
6622
6649
6686
6730
6752
6798
6789
6886
6931
6956
6980
7035
7090
7101
7067
7092
7151
7171
7213
7272
7314
7345
7376
7322
7334
7375
7442
7479
7505
7556
7615
7645
7706
7742
7820
7867
7986
8176
8276
8352
8395
8476
8521
8564
8632
8694
8758
8830
8868
8913
8984
8942
8932
8921
8884
8861
8841
8811
8771
8751
8732
8709
8703
8676
8667
8657
8624
8616
8595
8577
8558
8535
8523
8505
8496
8473
8448
8429
8447
8448
8438
8420
8401
8383
8372
8351
8330
8307
8268
8272
8266
8244
8239
8214
8212
8186
8188
8182
8156
8165
8139
8135
8132
8117
8089
8097
8086
8068
8058
8051
8020
8087
8062
8046
8059
8038
8012
8019
8015
7990
7961
7922
7908
7901
7886
7885
7874
7862
7836
7841
7820
7822
7812
7809
7801
7803
7805
7773
7750
7767
7786
7762
7768
7758
7751
7729
7737
7759
7746
7767
