8969
8968
8953
8938
8964
8943
8951
8946
8945
9024
9017
9029
9031
8998
9007
8993
8998
8983
560
8956
8984
8987
8991
8993
8980
8995
9003
8999
8992
8987
9003
9000
9004
9018
9018
9021
9010
9014
8993
8821
8671
8628
8614
8631
8615
8679
8804
9057
9084
9081
9058
9072
9086
9072
9096
9108
9112
9115
9125
9137
9152
9162
9172
9176
9184
9201
9188
9200
9205
9225
9225
9277
9283
9290
9283
9287
9287
9291
9317
9234
9122
8998
8877
8743
8600
8286
8163
8035
7940
7829
7729
7637
7531
7451
7353
7270
7183
7151
7168
7133
7061
6832
6801
6726
6651
6593
6506
6448
6367
6313
6247
6174
6075
6084
6052
6028
5975
5923
5730
5708
5675
5623
5544
5532
5472
5424
5397
5333
5292
5240
5207
5169
5129
5084
5012
5007
5010
4977
4944
4922
4893
4855
4813
4682
4680
4645
4608
4572
4548
4523
4491
4461
4429
4422
4380
4341
4323
4294
4254
4249
4227
4192
4174
4149
4115
4096
4060
4024
4010
4024
3999
3994
3978
3960
3947
3919
3913
3894
3864
3750
3694
3682
3651
3638
3613
3575
3467
3458
3440
3428
3417
3400
3393
3371
3347
3348
3334
3286
3301
3272
3271
3250
3236
3212
3201
3201
3185
3178
3160
3132
3142
3115
3104
3090
3084
3068
3063
3041
3028
3021
3013
3005
3017
3094
3084
3071
3044
3035
3021
3016
2996
3002
3002
2985
2979
2976
2959
2950
2942
2938
2924
2919
2921
2887
2890
2870
2880
2878
2896
2910
2924
2925
2900
2902
2898
2890
2883
2883
2862
2863
2867
2854
2844
2838
2825
2816
2806
2809
2792
2782
2771
2761
2753
2742
2718
2709
2721
2724
2716
2692
2700
2689
2688
2685
2673
2668
2664
2663
2667
2655
2646
2626
2639
2644
2631
2627
2635
2625
2619
2607
2611
2595
2604
2605
2593
2592
2587
2583
2578
2572
2570
2575
2562
2564
2558
2553
2553
2553
2537
2547
2546
2530
2540
2528
2522
2530
2526
2521
2519
2514
2512
2510
2510
2504
2504
2501
2494
2493
2491
2480
2486
2476
2483
2469
2494
2504
2502
2500
2512
2499
2502
2512
2507
2506
2522
2505
2499
2498
2500
2502
2500
2508
2496
2501
2480
2494
2493
2504
2485
2485
2489
2474
2482
2476
2478
2476
2444
2431
2428
2447
2458
2448
2457
2460
2458
2459
2456
2462
2465
2462
2470
2468
2463
2470
2474
2469
2486
2468
2480
2483
2467
2469
2469
2484
2478
2474
2479
2489
2488
2474
2476
2488
2485
2484
2499
2486
2503
2499
2500
2499
2499
2504
2506
2513
2508
2521
2514
2509
2522
2523
2524
2531
2530
2537
2526
2542
2540
2545
2551
2556
2554
2559
2563
2573
2571
2566
2570
2571
2575
2569
2579
2572
2612
2630
2625
2634
2641
2628
2651
2660
2661
2668
2671
2675
2679
2690
2687
2699
2697
2706
2715
2714
2715
2724
2726
2729
2727
2729
2737
2716
2709
2716
2738
2744
2755
2765
2767
2774
2789
2775
2789
2804
2804
2821
2826
2821
2835
2843
2846
2863
2866
2866
2884
2889
2885
2898
2903
2923
2930
2934
2939
2946
2958
2967
2969
2986
2973
2994
3011
3021
3028
3045
3041
3069
3062
3064
3080
3103
3102
3118
3125
3137
3135
3141
3143
3219
3223
3251
3245
3286
3280
3308
3301
3339
3331
3358
3369
3366
3373
3376
3410
3453
4179
4363
4385
4405
4354
4288
4283
4230
4248
4236
4211
4196
4176
4182
4156
4120
4136
4097
4082
4075
4054
4075
4095
4110
4129
4149
4172
4202
4207
4240
4267
4294
4304
4323
4350
4394
4428
4477
4486
4519
4545
4581
4603
4642
4666
4693
4737
4767
4898
4938
4973
4996
4975
5016
5021
4994
4986
4964
4943
4938
4930
4915
4902
4881
4869
4859
4838
4844
4824
4807
4798
4787
4783
4775
4770
4745
4733
4719
4711
4698
4695
4677
4672
4671
4654
4644
4631
4626
4622
4606
4613
4590
4586
4576
4573
4557
4549
4528
4532
4520
4524
4514
4504
4488
4479
4492
4468
4465
4452
4451
4447
4443
4427
4421
4430
4410
4409
4403
4404
4392
4389
4378
4369
4362
4367
4349
4355
4345
4346
4200
4104
4086
4088
4081
4075
4069
4079
4058
4063
4072
4062
4056
4058
4035
4055
4052
4037
4015
4008
4004
4030
4016
4005
4011
3994
4012
4016
4006
4004
4005
4009
3990
3994
4001
3990
3982
3998
3990
3975
3988
3988
3986
3991
3985
3984
3994
3979
4002
3980
3970
3972
3974
3971
3981
3982
3979
3977
3975
3968
3985
4004
4075
4077
4064
4087
4081
4225
4224
4229
4224
4217
4244
4227
4241
4242
4239
4248
4240
4247
4246
4250
4247
4249
4275
4256
4270
4275
4276
4274
4276
4260
4275
4279
4279
4311
4289
4305
4295
4311
4313
4313
4342
4308
4312
4327
4329
4346
4193
4188
4202
4306
4369
4355
4384
4381
4381
4391
4399
4400
4396
4408
4422
4415
4405
4421
4451
4448
4463
4465
4465
4496
4476
4483
4501
4499
4501
4516
4513
4524
4528
4546
4550
4551
4563
4570
4585
4593
4573
4492
4491
4498
4460
4472
4468
4424
4392
4399
4401
4416
4422
4427
4440
4454
4461
4466
4482
4487
4499
4503
4514
4517
4530
4532
4547
4561
4567
4584
4591
3708
3484
3460
3412
3433
3449
3439
3479
3878
4084
4087
4076
4099
4097
4097
4092
4081
4083
4078
4101
4095
4099
4100
4101
4116
4104
4109
4117
4120
4114
4126
4109
4123
4129
4118
4143
4128
4127
4145
4136
4146
4153
4146
4165
4170
4159
4161
4186
4188
4179
4188
4184
4205
4201
4208
4215
4223
4232
4224
4251
4252
4242
4272
4261
4265
4271
4281
4280
4272
4285
4300
4296
4300
4315
4327
4328
4327
4340
4347
4354
4358
4377
4387
4385
4388
4406
4410
4411
4431
4431
4438
4438
4452
4462
4470
4475
4479
4495
4510
3850
3664
3647
3492
3266
3277
3257
3237
3220
3186
3160
3149
3117
3115
3084
3055
3043
3015
2996
2971
2956
2929
2910
2896
2874
2895
2922
2921
2916
2929
2952
2948
2965
2978
2975
2990
3008
3025
3021
3047
3036
3061
3066
3078
3084
3091
3125
3120
3140
3156
3169
3172
3190
3198
3215
2816
2389
2359
2656
3271
3288
5476
5458
5456
5427
5421
5413
5424
5400
5401
5389
5382
5370
5361
5348
5351
5366
5345
5339
5330
5325
5305
5296
5322
5287
5313
5293
5282
5287
5270
5274
5266
5266
5251
5260
5259
5245
5238
5234
5234
5218
5223
5212
5229
5214
5212
5201
5193
5186
5205
5188
5187
5186
5186
5191
5176
5172
5168
5169
5170
5153
5175
5178
5156
5154
5162
5146
5128
5153
5142
5147
5149
5145
5144
5147
5151
5139
5143
5154
5155
5150
5126
5146
5169
5160
5158
5167
5160
5166
5159
5173
5154
5172
5170
5171
5181
5174
5176
5171
5170
5179
5193
5187
5198
5180
5193
5196
5185
5217
5188
5209
4720
4371
4254
4080
3954
3857
3776
3693
3376
3349
3374
3362
3372
3369
3374
3384
3392
3375
3371
3382
3394
3392
3394
3406
3394
3396
3424
3414
3427
3420
3437
3430
3426
3447
3438
3438
3501
5028
4979
4904
4829
4777
4757
4742
4667
4672
4683
4686
4697
4707
4714
4717
4725
4738
4738
4752
4750
4767
4783
4791
4718
4727
4726
4742
4737
4762
4764
4769
4787
4791
4807
4819
4817
4831
4851
4849
4859
4873
4875
4890
4917
4927
4938
4937
4955
4969
4974
4979
4988
5011
5127
5139
5154
5177
5183
5195
5229
5220
5299
5327
5333
5350
5366
5396
5400
5395
5402
5429
5499
2521
2512
2479
2465
2477
2472
2481
2500
2507
2513
2448
2353
2314
2299
2299
2316
2312
2318
2323
2339
2332
2348
2348
2362
2377
2378
2391
6044
6057
6060
6094
6127
6146
6168
6194
6244
6221
6240
6283
6314
6337
6362
6396
6415
6452
6488
6518
6545
6579
6594
6637
6667
6692
6737
6770
6802
6821
6901
6934
6958
7013
7032
7096
7114
7114
7164
7210
7251
7309
7348
7378
7436
7468
7515
7550
7624
7659
7715
7762
7769
7866
7926
7979
8033
8085
8060
8090
8148
8207
8259
8307
8358
8417
8305
8390
8467
8496
8571
8630
8696
8764
8884
8919
9130
9363
9460
9517
9579
9661
9734
9805
9899
9940
10065
10036
10017
10019
9984
9957
9941
9899
9865
9844
9823
9814
9798
9766
9743
9740
9737
9709
9680
9665
9665
9627
9621
9607
9588
9566
9577
9577
9569
9537
9541
9520
9492
9478
9454
9417
9420
9397
9395
9382
9374
9358
9354
9346
9326
9301
9309
9277
9288
9285
9257
9255
9234
9216
9200
9258
9251
9228
9229
9210
9200
9169
9168
9153
9108
9079
9081
9074
9059
9059
9051
9034
9050
9032
9034
9019
9004
8997
8990
8993
8984
8983
8991
8975
8964
8954
8950
8957
