3732
3659
3617
3642
3636
3624
3624
3624
3626
3621
3605
3618
3616
3619
3623
3623
3609
3613
3622
3607
3601
3624
3618
3604
3614
3628
3630
3630
3619
3608
3625
14880298
3625
3622
3630
3636
3631
3624
3625
3635
3636
3646
3659
3635
3650
3646
3641
3704
3743
3752
3741
3754
3750
3759
3753
3771
3767
3767
3761
3775
3778
3792
3791
3774
3798
3817
3878
3877
3882
3877
3879
3903
3893
3907
3919
3923
3908
3911
3907
3919
3938
3938
3938
3919
3895
3897
3937
3945
3930
3953
3946
3968
3987
3970
3980
3978
3988
3993
4025
3997
4015
4013
4027
4041
4056
4059
4064
4086
4077
4088
4090
4107
4099
4112
4131
4124
4146
4162
4163
4158
4178
4185
4197
4193
4208
4223
4224
4224
4282
4290
4315
4327
4321
4337
4354
4363
4384
4396
4394
4400
4396
4410
4417
4430
4406
4423
4449
4461
4478
4483
4500
4523
4530
4544
4552
4562
4575
4590
4614
4628
4635
4664
4658
4688
4706
4716
4729
4746
4759
4778
4794
4802
4826
4841
4856
4870
4878
4939
4966
4979
5021
5027
5060
5090
5085
5111
5120
5145
5147
5133
5183
5204
5218
5251
5273
5292
5303
5331
5357
5383
5411
5414
5474
5484
5507
5538
5564
5577
5628
5634
5660
5681
5717
5696
5822
5855
5896
5933
5952
5987
6012
6220
6865
6859
6835
6816
6788
6770
6747
6740
6704
6718
6760
6802
6839
6864
6918
6971
7001
7070
7146
7180
7233
7294
7351
7387
7497
7617
7676
7676
7662
7664
7647
7638
7593
7598
7571
7542
7530
7515
7487
7486
7463
7438
7413
7408
7405
7363
7345
7336
7316
7308
7292
7281
7250
7248
7240
7229
7210
7183
7166
7165
7148
7131
7119
7104
7105
7066
7067
7044
7054
7027
7002
7005
7003
6999
6827
6712
6705
6694
6685
6674
6670
6664
6645
6646
6624
6610
6623
6632
6604
6606
6599
6588
6579
6571
6568
6533
6520
6512
6511
6500
6493
6492
6482
6479
6470
6474
6463
6463
6445
6438
6433
6523
6522
6529
6527
6676
6662
6662
6642
6650
6655
6646
6624
6636
6628
6605
6596
6617
6615
6614
6607
6596
6600
6604
6596
6585
6576
6586
6562
6561
6566
6443
6435
6449
6578
6570
6568
6559
6563
6558
6550
6540
6548
6521
6541
6549
6550
6561
6571
6564
6570
6565
6579
6577
6577
6578
6587
6580
6583
6588
6500
6481
6449
6441
5839
5290
5284
5291
5298
5742
6356
6357
6377
6371
6375
6064
5901
5890
5862
5854
5847
5849
5828
5813
5796
5810
5784
5784
5762
5767
5752
5727
5725
5728
5711
5708
5696
5694
5688
5676
5684
5652
5670
5664
5640
5630
5633
5629
5616
3293
3303
5604
5598
5579
5602
5585
5574
4027
3927
3918
3925
3920
3912
3915
3931
3897
3913
3910
3916
3910
3919
3914
3891
3897
3897
3885
3910
3907
3902
3904
3881
3889
3907
3911
3896
3904
3884
3898
3893
3882
3885
3894
3896
3986
4350
4471
0
1015
1025
1008
1009
977
967
959
935
966
956
934
915
920
928
925
900
890
893
904
915
912
914
919
915
921
912
891
897
6754
6709
6666
6632
6578
6552
6512
6472
6437
0
973
957
933
934
896
921
939
928
942
945
955
993
1033
1044
1042
1029
1036
1020
1036
1052
1034
1031
1038
1021
1028
1028
1048
1035
1026
1009
5435
5398
5387
5379
5352
5313
5301
5282
5249
5233
5210
5183
5159
5143
2684
2639
2651
2637
2626
2615
2610
2596
2593
2577
2566
2563
2556
2551
2533
2530
2513
2515
2502
2488
2485
2474
2465
2449
2451
2445
2427
2423
2427
2423
2413
2394
2501
2820
2883
2857
2848
2844
2829
2823
2806
2821
2812
2799
2782
2780
2775
2787
2823
2838
2862
2892
2903
2957
3038
3047
3024
3029
3057
3175
3179
3170
3162
3205
3175
3172
3174
3190
3436
4229
4207
4208
4193
4195
4189
4186
4162
4168
4157
4149
4132
4142
4113
3752
3746
3734
3729
3735
3725
3724
3707
3705
3712
3709
3702
3698
3680
3668
3674
3669
3658
3661
3655
3645
3642
3627
3458
3244
3213
3178
3195
3199
3207
3182
3193
3178
3188
3184
3186
3188
3170
3161
3171
3171
3165
3145
3103
3063
3068
3059
3055
3068
3055
3057
3044
3061
3059
3056
3048
3054
3050
3052
3041
3044
3037
3037
3039
3050
3045
3024
3035
3023
3033
3027
3023
3021
3026
3018
3029
3022
3016
3020
3027
3026
3021
3025
3023
3029
3032
3019
3038
3035
3017
3021
3032
3030
3027
3041
3035
3030
3030
3036
3094
3100
3108
3122
3134
3113
3130
3128
3119
3141
3137
3139
3149
3140
3143
3146
3166
3147
3194
3234
3218
3220
3222
3221
3218
3226
3225
3220
3234
3216
3239
3246
3233
3254
3258
3257
3254
3275
3256
3286
3289
3287
3249
3251
3264
3283
3263
3286
3298
3304
3308
3304
3317
3327
3315
3321
3329
3330
3344
3341
3347
3339
3369
3350
3372
3376
3375
3395
3391
3397
3412
3390
3407
3423
3434
3445
3436
3447
3458
3459
3473
3475
3482
3486
3493
3505
3506
3520
3512
3531
3531
3550
3539
3550
3539
3590
3613
3610
3617
3614
3629
3638
3638
3660
3665
3684
3665
3688
3704
3731
3729
3731
3771
3764
3728
3768
3767
3802
3799
3809
3827
3828
3850
3852
3883
3884
3887
3899
3917
3932
3938
3961
3972
3990
4002
4006
4005
4042
4053
4068
4064
4078
4110
4116
4139
4158
4166
4163
4187
4207
4234
4229
4294
4313
4321
4339
4348
4368
4393
4404
4437
4436
4472
4495
4517
4492
4528
4548
4571
4599
4615
4631
4669
4688
4701
4723
4751
4771
4803
4831
4838
4869
4901
4925
4945
4975
5007
5021
5058
5088
5110
5125
5212
5229
5245
5282
5334
5355
5408
5422
5402
5399
5418
5455
5479
5523
5563
5573
5632
5664
5699
5745
5735
5646
5707
5716
5771
5829
5857
5894
5944
5996
6032
6092
6132
6193
6245
6470
6557
6675
6749
6804
6852
6904
6962
7010
7082
7135
7203
7261
7282
7378
7369
7341
7337
7333
7308
7303
7273
7276
7233
7223
7198
7188
7161
7161
7149
7146
7122
7120
7102
7096
7080
7070
7061
7062
7033
7034
7021
7007
6987
6981
6971
6973
6956
6943
6936
6929
6945
6944
6927
6931
6931
6913
6902
6887
6883
6855
6852
6853
6799
6809
6816
6797
6802
6801
6790
6777
6783
6776
6771
6751
6753
6748
6734
6742
6739
6742
6721
6725
6715
6714
6709
6710
6706
6695
6688
6678
6700
6722
6716
6724
6710
6710
6703
6693
6685
6678
6677
6670
6659
6628
6608
6612
6605
6602
6604
6604
6598
6591
6505
6510
6517
6508
6512
6519
6517
6507
6512
6513
6519
6513
6517
6522
6517
6532
6522
6516
6521
6524
6525
6535
6529
6538
6530
6551
6622
6624
6631
6636
6632
6638
6631
6643
6659
6658
6746
6750
6754
6749
6758
6756
6759
6763
6761
6758
6758
6771
6756
6761
6782
6787
6796
6806
6816
6816
6830
6831
6846
6846
6848
6855
6873
6874
6888
6887
6900
6915
6924
6936
6934
6944
6959
6951
6967
6996
7027
7033
7053
7057
7060
7068
7081
7078
7085
7091
7106
7108
7114
7139
7161
7178
7179
7196
7189
7209
7224
7233
7275
7253
7289
7308
7315
7348
7343
7350
7378
7388
7396
7420
7432
7455
7503
7526
7539
7535
7547
7563
7589
7598
7631
7556
7550
7512
7448
7389
7336
7292
7257
7203
7166
7089
7042
6995
6958
6844
6757
6704
6662
6465
6435
6380
6345
6313
6273
6224
6186
6158
6112
6092
6053
6006
5979
5952
5896
5988
5985
5951
5917
5882
5846
5806
5805
5752
5756
5781
5781
5757
5729
5711
5673
5657
5636
5597
5503
5492
5460
5438
5413
5392
5360
5350
5304
5289
5274
5260
5236
5209
5190
5182
5135
5132
5118
5079
5059
5045
5016
5008
4968
4958
4921
4953
4931
4929
4914
4898
4885
4873
4851
4837
4811
4794
4784
4754
4688
4686
4677
4671
4647
4634
4625
4608
4598
4581
4563
4548
4535
4521
4510
4506
4480
4472
4455
4461
4445
4427
4399
4409
4388
4384
4361
4362
4350
4340
4334
4308
4314
4292
4278
4235
4267
4264
4270
4264
4259
4230
4227
4232
4230
4216
4189
4188
4182
4168
4173
4143
4138
4110
4090
4085
4087
4081
4078
4055
4056
4051
4029
4033
4028
4009
4031
4007
3992
3991
3997
3987
3965
3965
3964
3961
3980
3936
3936
3936
3933
3943
3929
3908
3913
3917
3906
3899
3899
3890
3866
3880
3866
3872
3867
3866
3843
3831
3831
3839
3856
3843
3839
3856
3841
3857
3860
3855
3844
3846
3838
3839
3831
3829
3849
3834
3828
3818
3816
3813
3745
3756
3742
3729
3739
3725
3727
3729
3711
3736
3726
3731
10
