2688
2688
2683
2684
2683
2681
2685
2677
2669
2675
2666
2666
2669
2660
2669
2665
2664
2665
2667
2672
2656
2660
2662
2658
2669
2751
2762
2754
2765
2762
2761
2763
2769
2826
2832
2849
2852
2872
2872
2882
2881
2904
2896
2896
2907
2912
2902
2884
2915
2918
2917
2914
2924
2915
2922
2923
2918
2914
2922
2934
2940
2933
2930
2939
2934
2939
2946
2943
2943
2951
2958
2950
2964
2959
2970
2963
2973
2976
2975
2979
2983
2989
2984
2994
2991
2997
2993
2982
2973
2996
3011
2996
3015
3012
2875
2862
2875
2880
2935
3050
3051
3060
3054
3068
3058
3083
3081
3078
3094
3094
3101
3108
3114
3106
3133
3096
3103
3098
3146
3131
3131
3151
3168
3175
3183
3190
3189
3194
3194
3212
3210
3216
3220
3232
3246
3256
3258
3267
3273
3275
3271
3289
3294
3304
3314
3318
3327
3339
3340
3323
3230
3226
3236
3259
3228
3193
3217
3224
3206
3197
3169
3144
3151
3160
3171
3170
3176
3202
3215
3220
3220
3230
3235
3270
3262
3280
3297
3308
3294
3323
3323
3327
3339
3358
3370
3396
3392
3405
3421
3421
3445
3457
3461
3478
3489
3505
3257
2943
2917
2916
2921
2905
2919
2927
2935
2938
2927
2530
2352
2327
2303
2300
2277
2279
2303
2297
2313
2333
2451
2869
2977
2984
2989
2998
2979
2995
2991
3008
3010
3018
3021
3035
3032
3045
3036
3046
3056
3051
3062
3048
3068
3061
3091
3078
3083
3092
3090
3099
3111
3135
3122
3125
3144
3132
3151
3169
3178
3166
3169
3190
3206
3186
3208
3225
3247
3240
3230
3266
3258
3280
3265
3289
3297
3279
3289
3320
3324
3350
3358
3365
3375
3374
3391
3400
3409
3410
3431
3438
3436
3453
3460
3478
3496
3488
3516
3510
3521
3541
3544
3580
3564
3575
3601
3600
3629
3623
3637
3648
3670
3678
3698
3701
3732
3722
3755
3772
3781
3777
3802
3812
3834
3833
3838
3863
3856
3892
3920
3926
3939
3961
3988
4008
4044
4195
5181
3020
3018
3052
3019
2877
2856
2874
2990
3037
5129
5116
5120
5112
3003
2988
2681
2621
2638
2632
2621
2620
2604
2597
2594
2588
2570
2564
2554
2551
2548
2546
2522
2527
2516
2507
2503
2481
2478
2478
2455
2454
2472
2445
2432
2443
2423
2413
2424
2408
2404
2389
2385
2375
2402
2429
2448
2482
2498
2529
2550
2565
2598
2621
2644
2653
2678
2718
2755
2757
2813
2831
2865
2892
2920
4996
4996
5015
4997
5000
4999
5005
5010
5003
5021
5029
5022
5020
5047
5018
5031
5032
5044
5035
5035
5051
5048
5055
5067
5064
5067
5086
5081
5078
5091
5098
5096
5106
5108
5121
2118
2112
2102
2148
5134
5150
5161
5160
5152
5169
5170
5186
5195
5189
5192
5212
5210
5227
5231
5226
5229
5263
5260
5276
5266
5288
5303
5290
5328
5314
5320
5328
5341
5338
5356
5358
5369
5369
5394
5417
5432
5418
5425
5442
5444
5456
5498
5406
5456
5505
4708
4441
4406
4369
4331
4291
4254
4219
4162
4144
4091
4061
4021
3984
3964
3944
3912
3864
3850
3818
3770
3753
3728
3691
3676
3671
3709
3711
3732
3734
3756
3738
3751
3786
3789
3781
3800
3794
3820
3808
3854
3867
3860
3867
3877
3909
4538
5306
5248
5271
5266
5271
5314
5345
5349
5369
5385
5414
5409
5441
5458
5499
5520
5537
5531
5575
5595
5624
5638
5680
5688
5791
5823
5863
5896
5925
6015
6050
6057
6092
6116
6150
6193
6230
6198
6230
6267
6299
6329
6368
6394
6446
6458
6493
6524
6561
6596
6623
6660
6688
6719
6761
6787
6795
6897
6928
6957
7003
7032
7102
7096
7116
7186
7237
7270
7314
7369
7403
7467
7513
7560
3340
3349
3345
3332
3323
3371
3388
3400
3415
3405
8093
8195
3227
3224
3221
3213
3210
3236
3269
3282
3285
3313
3351
8996
9104
9115
9117
9188
9260
9350
9417
9479
9391
9483
9600
9643
9751
9841
9934
10204
10553
10610
10697
10787
10891
10985
11064
11189
11169
11156
11137
11104
11104
11053
11012
11006
10987
10970
10966
10942
10923
10902
10893
10882
10857
10838
10830
10811
10795
10775
10753
10793
10771
10772
10747
10729
10711
10692
10680
10644
10640
10636
10615
10603
10601
10581
10580
10555
10559
10540
10535
10516
10527
10505
10496
10492
10462
10512
10494
10480
10476
10469
10456
10438
10420
10365
10360
10355
10357
10341
10265
10266
10268
10237
10239
10239
10232
10229
10224
10218
10220
10217
10193
10199
10191
10186
10223
10265
10274
10255
10280
10268
10241
10305
10342
10338
10332
10328
10308
10307
10312
10312
10291
10305
10314
10315
10321
10319
10317
10313
10326
10325
10326
10330
10325
10334
10346
10330
10354
10343
10334
10394
10406
10409
10391
10384
10398
10390
10397
10386
10404
10422
10433
10432
10443
10448
10462
10467
10477
10478
10492
10506
10509
10521
10524
10536
10539
10574
10585
10596
10603
10612
10611
10629
10636
10521
10368
10209
10085
9849
9236
9057
8911
8788
8748
8839
8711
8601
8470
8456
8456
8386
8129
8049
7968
7850
7752
7669
7576
7490
7375
7351
7309
7253
7028
6998
6933
6853
6792
6716
6640
6584
6522
6451
6392
6339
6256
6259
6228
6179
6139
6084
5921
5887
5847
5772
5735
5698
5646
5594
5549
5513
5477
5422
5366
5348
5282
5235
5206
5202
5170
5159
5114
5108
5062
4920
4853
4777
4616
4581
4573
4532
4516
4492
4456
4410
4398
4369
4337
4313
4295
4253
4213
4202
4170
4148
4136
4105
4086
4043
4158
4131
4117
4105
4075
4048
4038
4024
3992
3974
3939
3950
3908
3890
3866
3867
3852
3875
3899
3882
3873
3858
3832
3835
3819
3808
3772
3746
3746
3719
3710
3689
3620
3628
3599
3593
3579
3559
3535
3526
3516
3500
3494
3485
3475
3463
3428
3436
3410
3404
3404
3386
3372
3357
3354
3339
3315
3316
3318
3299
3281
3263
3262
3241
3243
3226
3225
3195
3194
3193
3173
3174
3153
3152
3134
3108
3120
3133
3134
3129
3124
3104
3108
3088
3102
3090
3067
3091
3063
3071
3058
3047
3039
3031
3025
3013
3000
2990
2983
2956
2926
2928
2931
2924
2920
2913
2899
2914
2903
2887
2884
2878
2875
2869
2868
2863
2868
2853
2840
2848
2836
2829
2830
2822
2818
2816
2816
2803
2797
2803
2792
2798
2778
2792
2778
2771
2754
2766
2764
2747
2752
2748
2743
2735
2735
2732
2729
2725
2727
2719
2722
2705
2711
2715
2709
2705
2698
2700
2695
2675
2681
2678
2658
2657
2665
2688
2698
2693
2699
2693
2694
2693
2690
2693
2687
2689
2692
2691
2690
2690
2689
2683
2684
2684
2678
2677
2686
2664
2670
2663
2655
2660
2659
2659
2616
2610
2616
2636
2643
2628
2634
2643
2643
2637
2631
2636
2628
2633
2633
2645
2639
2650
2640
2635
2632
2631
2638
2640
2641
2643
2641
2645
2650
2638
2636
2653
2650
2653
2646
2652
2656
2657
2644
2652
2656
2665
2655
2658
2665
2660
2652
2664
2677
2667
2672
2666
2677
2685
2680
2687
2688
2682
2692
2692
2698
2692
2693
2700
2698
2701
2709
2714
2703
2701
2682
2708
2734
2739
2752
2764
2766
2761
2775
2778
2788
2787
2787
2799
2795
2808
2801
2815
2818
2816
2825
2829
2838
2832
2835
2840
2846
2840
2869
3566
3577
3601
3599
3602
3605
3612
3621
3623
3620
3638
3655
3640
3661
3654
3662
3695
3694
3695
3704
3714
3711
3735
3744
3755
3755
3647
3626
3591
3581
3535
3520
3495
3472
3461
3408
3394
3381
3350
3353
3350
3362
3364
3373
3364
3396
3407
3410
3428
3440
3424
3449
3468
3481
3466
3490
3513
3512
3521
3561
3543
3555
3570
3597
3607
3621
3629
3658
3665
3674
3677
3685
3735
3738
3739
3768
3766
3772
3815
3836
3855
3849
3870
3903
3997
4015
4023
4023
4052
4078
4079
4075
4069
4085
4079
4068
4047
4021
4013
4011
3979
3981
3937
3924
3916
3908
3893
3864
3837
3855
3823
3811
3793
3793
3761
3752
3742
3729
3713
3708
3695
3674
3661
3646
3640
3628
3617
3597
3599
3576
3579
3573
3549
3559
3525
3521
3509
3499
3497
3480
3447
3463
3469
3436
3420
3407
3403
3402
3381
3383
3380
3363
3357
3347
3342
3316
3315
3311
3282
3307
3280
3283
3284
3261
3249
3250
3245
3233
3232
3217
3219
3214
3204
3200
3208
3193
3165
3182
3162
2983
2900
2897
2889
2889
2881
2874
2872
2866
2861
2855
2855
2854
2833
2838
2836
2837
2828
2826
2806
2821
2807
2807
2798
2793
2776
2786
2794
2801
2791
2785
2784
2779
2775
2767
2773
2763
2771
2750
2756
2748
2750
2743
2753
2743
2730
2742
2731
2731
2727
2708
2700
2703
2705
2707
2707
2700
2707
2694
2688
2693
2687
2688
