6515
6504
6506
6495
6505
6504
6492
6492
6494
6494
6486
6495
6491
6492
6480
6491
6487
6489
6487
6491
6485
6495
6459
6388
6252
391
6254
6243
6247
6253
6273
6260
6257
6274
6268
6265
6270
6294
6288
6293
6300
6288
6297
6304
6295
6316
6303
6283
6300
6307
6301
6310
6322
6320
6330
6324
6323
6331
6340
6344
6353
6357
6383
6466
6479
6524
6646
6648
6662
6660
6673
6678
6680
6690
6681
6693
6717
6719
6734
6737
6748
6752
6764
6765
6777
6783
6801
6781
6786
6821
6798
6679
6684
6858
6876
6876
6899
6901
6919
6927
6900
6950
6957
6979
6991
6989
7013
7010
7040
7058
7055
7065
7082
7084
7120
7120
7012
7026
6991
7005
6939
6915
6943
6938
6955
6979
6999
7010
7029
7043
7044
7068
7079
7097
6167
5971
5943
5956
5996
6588
6588
6602
6589
6591
6588
6584
6595
6597
6587
6601
6595
6593
6604
6603
6604
6604
6604
6603
6606
6604
6607
6618
6611
6615
6629
6625
6630
6644
6632
6648
6644
6654
6658
6649
6664
6678
6679
6690
6690
6686
6696
6703
6718
6718
6729
6734
6735
6743
6742
6754
6753
6771
6762
6771
5647
5608
5594
5607
5563
5502
5425
5184
5184
5173
5179
5201
5211
4542
4550
5232
5241
5251
5262
5273
5279
5273
5289
5304
5325
5343
5345
5338
5366
8086
8059
8036
8010
7983
7938
7918
7908
7876
7836
7812
7816
7781
7751
7715
7688
7675
7631
7597
7585
7568
7541
7492
7466
7454
7448
7419
7401
7385
7378
7344
7337
7295
7269
7262
7241
7224
7199
7182
7165
7145
7145
7117
7104
7079
7065
7064
7034
7011
7016
6997
6981
6965
6948
6939
6920
6904
6889
6878
6868
6855
6835
6820
6799
6799
6768
6766
6766
6747
6732
6718
6705
6697
4857
4693
4687
4676
4672
4673
4666
4643
3771
3550
3681
3608
3721
3617
3520
3506
4585
4579
3284
3017
2999
2991
2987
2969
2959
2972
2968
2968
2993
2981
2947
3129
3168
3168
3099
3116
3105
3101
3108
3105
3153
3174
5999
6002
6008
5990
5983
5978
5971
5965
5985
5970
5946
5521
5535
5513
5546
5521
5514
5521
5496
5528
5514
5521
5484
5438
5414
5422
5425
5422
5410
5403
5420
5426
5413
5421
5401
5408
5402
5399
5399
5398
5388
5401
5401
5414
5405
5404
5403
5399
5410
5424
5411
5411
5402
5416
5442
5505
5500
5505
5506
5515
5498
5516
5528
5515
5566
5589
5603
5615
5593
5597
5601
5583
5596
5602
5607
5611
5628
5639
5646
5614
5626
5637
5640
5646
5641
5635
5645
5641
5658
5664
5673
5682
5687
5693
5709
5687
5711
5720
5717
5715
5727
5722
5738
5750
5743
5747
5756
5764
5778
5779
5779
5783
5802
5849
5850
5857
5859
5851
5867
5881
5897
5906
5935
5914
5955
5919
5929
5938
5957
5958
5979
5994
5991
6019
6004
6033
6034
6048
6071
6075
6086
6091
6119
6147
6149
6163
6167
6190
6195
6206
6219
6234
6250
6250
6291
6321
6310
6340
6354
6355
6374
6399
6414
6441
6434
6431
6481
6477
6513
6525
6549
6563
6574
6589
6612
6627
6658
6674
6693
6712
6733
6747
6776
6780
6816
6835
6858
6883
6874
6960
6973
6993
7008
7032
7062
7096
7124
7115
7094
7116
7121
7166
7183
7210
7242
7287
7305
7332
7330
7294
7313
7322
7361
7387
7407
7445
7484
7519
7543
7564
7601
7652
7678
7719
7791
7888
7939
8034
8052
8112
8170
8185
8229
8256
8304
8351
8390
8441
8469
8511
8561
8598
8630
8695
8733
8698
8682
8655
8608
8581
8542
8446
8450
8431
8402
8375
8348
8329
8295
8273
8249
8236
8185
8164
8128
8122
8101
8065
8062
8015
7983
7992
8003
7990
7959
7942
7899
7883
7848
7828
7759
7769
7756
7730
7701
7694
7668
7666
7630
7627
7604
7583
7577
7543
7540
7512
7515
7499
7491
7470
7438
7436
7396
7432
7428
7408
7395
7390
7364
7346
7312
7311
7276
7209
7177
7177
7157
7141
7137
7126
7053
7042
7001
7007
7005
6984
6973
6967
6955
6950
6929
6912
6913
6913
6889
6888
6868
6874
6852
6854
6826
6836
6830
6893
6886
6870
6864
6859
6848
6854
6838
6828
6818
6825
6892
6889
6881
6870
6872
6841
6835
6819
6811
6807
6802
6802
6774
6783
6783
6771
6772
6760
6770
6770
6773
6762
6760
6758
6742
6741
6741
6738
6739
6734
6733
6726
6721
6729
6728
6723
6727
6718
6719
6703
6696
6740
6740
6741
6732
6729
6730
6724
6718
6714
6714
6715
6714
6718
6699
6707
6712
6712
6718
6726
6720
6720
6723
6730
6737
6730
6735
6733
6741
6733
6740
6746
6751
6746
6755
6753
6769
6770
6761
6762
6786
6763
6768
6823
6818
6829
6829
6827
6831
6793
6825
6837
6841
6836
6786
6739
6615
6504
6384
5942
5881
5790
5710
5189
5090
4979
4908
4897
5096
5014
4958
4865
4784
4719
4649
4646
4652
4656
4628
4584
4439
4322
4281
4240
4188
4124
4081
4027
3974
3943
3885
3840
3791
3750
3701
3651
3616
3564
3555
3566
3534
3521
3494
3485
3438
3407
3381
3214
3202
3197
3145
3119
3094
3075
3053
3026
3012
2987
2941
2921
2909
2869
2873
2826
2811
2791
2776
2752
2728
2713
2695
2669
2652
2626
2604
2593
2565
2548
2541
2489
2484
2515
2506
2494
2479
2479
2457
2450
2433
2421
2418
2397
2393
2383
2368
2341
2336
2322
2300
2294
2193
2190
2187
2182
2179
2154
2156
2136
2124
2106
2097
2098
2088
2076
2065
2060
2044
2024
2019
2011
2000
1990
1974
1974
1952
1973
1963
1945
1938
1911
1927
1927
1891
1889
1896
1872
1881
1861
1854
1826
1826
1824
1835
1832
1802
1807
1794
1790
1798
1775
1770
1780
1765
1766
1743
1732
1720
1748
1704
1705
1713
1697
1696
1686
1680
1692
1681
1666
1652
1679
1655
1638
1621
1632
1641
1648
1644
1661
1663
1649
1619
1644
1644
1621
1625
1619
1604
1622
1625
1616
1604
1604
1589
1583
1587
1597
1583
1575
1576
1585
1586
1567
1560
1563
1568
1566
1555
1561
1551
1561
1541
1534
1526
1522
1525
1532
1518
1518
1476
1451
1434
1425
1439
1427
1423
1436
1425
1412
1395
1415
1412
1398
1416
1401
1407
1395
1380
1388
1377
1390
1390
1386
1385
1375
1378
1386
1379
1375
1378
1369
1357
1299
1255
1274
1297
1277
1286
1282
1271
1289
1279
1265
1283
1291
1275
1282
1259
1289
1276
1270
1279
1252
1251
1250
1256
1264
1252
1262
1267
1272
1271
1254
1256
1248
1255
1252
1256
1234
1268
1231
1234
1253
1243
1247
1231
1228
1237
1246
1224
1233
1234
1233
1221
1225
1231
1237
1223
1215
1225
1229
1224
1231
1225
1212
1224
1242
1233
1239
1246
1246
1241
1243
1225
1229
1230
1242
1224
1253
1253
1248
1239
1236
1258
1260
1256
1265
1254
1254
1241
1270
1258
1254
1255
1252
1254
1273
1272
1265
1267
1269
1276
1270
1265
1294
1278
1296
1265
1286
1289
1298
1296
1275
1290
1288
1306
1284
1290
1294
1313
1285
1326
1320
1308
1314
1305
1312
1301
1322
1310
1291
1327
1285
1285
1327
1366
1384
1413
1383
1395
1396
1398
1417
1400
1402
1414
1433
1416
1411
1425
1438
1427
1422
1444
1442
1437
1445
1446
1448
1454
1440
1467
1478
1458
1473
1459
1478
1467
1488
1489
1487
1505
1478
1512
1529
1512
1575
1618
1603
1612
1623
1621
1626
1646
1636
1648
1640
1657
1665
1666
1671
1666
1678
1661
1689
1700
1691
1708
1693
1687
1720
1690
1702
1701
1732
1731
1736
1745
1733
1733
1755
1745
1719
1716
1729
1765
1781
1788
1784
1791
1799
1807
1796
1826
1823
1834
1821
1858
1856
1857
1867
1892
1896
1888
1896
1907
1925
1921
1932
1925
1955
1968
1972
1975
1984
1994
2002
2007
2017
2016
2034
2061
2057
2084
2072
2091
2108
2104
2107
2122
2144
2158
2161
2179
2191
2200
2213
2237
2231
2236
2253
2267
2285
2288
2314
2313
2319
2321
2425
2438
2458
2478
2496
2516
2527
2535
2562
2573
2593
2604
2609
2637
2637
2652
2641
2641
2654
2696
2710
2744
2756
2779
2803
2826
2834
2881
2893
2907
2941
2960
2987
3016
3046
3066
3093
3119
3158
3181
3198
3230
3264
3309
3336
3353
3366
3525
3572
3597
3611
3661
3693
3699
3693
3699
3783
3819
3862
3919
3965
4016
4051
4114
4162
4212
4272
4323
4362
4424
4459
4598
4747
4791
4963
5612
5689
5768
5869
5945
6115
6258
6407
6642
6686
6683
6679
6660
6659
6646
6648
6645
6624
6629
6628
6614
6615
6604
6590
6584
6588
6583
6575
6573
6570
6577
6559
6555
6551
6548
6534
6541
6536
6522
6537
6531
6523
6522
6515
6514
6510
