7700
7691
7702
7695
7675
7670
7674
7678
7687
7656
7665
7668
7661
7666
7674
7661
7666
7639
7661
7677
7657
7649
7654
7626
7468
464
7434
7431
7426
7433
7435
7420
7441
7432
7424
7429
7430
7439
7436
7444
7437
7445
7455
7439
7441
7462
7465
7479
7474
7472
7475
7470
7484
7478
7497
7500
7501
7561
7612
7636
7785
7793
7800
7813
7812
7826
7813
7813
7813
7841
7852
7862
7880
7851
7880
7896
7898
7917
7899
7906
7907
7883
7789
7848
7984
7970
7978
8013
8006
8007
8005
8037
8056
8059
8072
8089
8109
8119
8131
8133
8151
8167
8177
8199
8067
8063
8054
8006
7973
7980
7988
8012
8032
8042
8040
8055
8079
7214
6977
6985
6992
7044
7190
7378
7607
7609
7612
7587
7592
7604
7604
7588
7588
7585
7584
7591
7602
7590
7575
7596
7583
7591
7566
7579
7587
7579
7577
7576
7586
7576
7583
7599
7578
7571
7579
7597
7587
7619
7608
7611
7600
7611
7608
7628
7624
7637
7617
6622
6471
6465
6477
6426
5377
5908
6047
6037
6032
6063
6063
6073
6070
6087
6096
6102
6096
6114
6125
6126
6140
6138
6147
8497
9229
9166
9145
9088
9062
9013
8966
8928
8905
8847
8818
8781
8745
8705
8674
8632
8599
8567
8517
8493
8460
8409
8386
8363
8287
8255
8226
8191
8169
8146
8102
8064
8054
8027
7989
7949
7938
7896
7876
7844
7844
7784
7770
7752
3689
3687
3673
3676
3687
3491
3479
3458
3418
3429
3420
3409
3397
3412
3400
3547
3603
3596
3577
3604
3520
3506
3482
3502
3470
3485
3510
3550
3771
3942
3974
3325
3318
3325
5374
5362
5354
5404
5425
5466
5587
5635
5624
5757
5751
5782
5765
5767
6145
6801
6787
6783
6778
6747
6733
6732
6709
6335
6327
6299
6289
6288
6271
6279
6257
6246
6229
6233
6201
5788
5762
5751
5739
5719
5723
5699
5724
5688
5695
5683
5597
5586
5591
5594
5594
5575
5577
5552
5546
5558
5527
5519
5547
5504
5511
5507
5519
5493
5495
5472
5481
5479
5468
5454
5459
5456
5448
5453
5445
5470
5498
5515
5495
5501
5495
5507
5483
5499
5482
5491
5471
5560
5534
5552
5546
5527
5547
5540
5522
5535
5526
5518
5526
5519
5518
5490
5480
5504
5515
5507
5501
5502
5489
5482
5498
5499
5479
5479
5499
5507
5493
5492
5496
5497
5517
5505
5497
5500
5512
5508
5513
5501
5518
5529
5523
5502
5515
5507
5512
5498
5514
5558
5556
5554
5543
5544
5555
5554
5551
5563
5561
5578
5580
5597
5588
5551
5581
5565
5599
5594
5602
5602
5598
5600
5612
5613
5642
5638
5644
5659
5656
5668
5656
5680
5674
5684
5688
5688
5703
5706
5713
5698
5717
5731
5743
5735
5735
5753
5797
5803
5817
5807
5805
5819
5836
5839
5872
5851
5878
5890
5881
5872
5903
5884
5942
5941
5965
5970
5972
5987
5987
6014
6010
6017
6042
6040
6064
6085
6097
6110
6113
6135
6153
6161
6164
6186
6184
6209
6216
6253
6279
6296
6293
6308
6330
6334
6351
6379
6400
6419
6395
6371
6384
6412
6424
6438
6454
6481
6489
6517
6546
6553
6567
6506
6515
6541
6561
6574
6592
6622
6640
6670
6681
6699
6729
6742
6777
6794
6812
6839
6860
6898
6910
7039
7077
7100
7146
7204
7203
7271
7299
7322
7323
7354
7393
7442
7447
7484
7528
7545
7603
7599
7646
7663
7700
7735
7739
7837
7837
7798
7805
7753
7697
7654
7617
7520
7531
7505
7476
7440
7417
7407
7364
7342
7311
7279
7245
7239
7195
7179
7141
7127
7095
7061
7054
7012
7040
7013
6999
6970
6953
6922
6896
6868
6841
6805
6752
6757
6740
6719
6699
6687
6667
6640
6625
6608
6584
6567
6553
6535
6525
6495
6475
6459
6446
6432
6417
6388
6393
6366
6319
6369
6361
6347
6343
6320
6299
6275
6262
6242
6225
6198
6148
6100
6104
6082
6070
6056
6050
6023
5956
5935
5934
5907
5905
5896
5888
5851
5839
5848
5832
5820
5814
5813
5793
5798
5776
5751
5767
5763
5729
5729
5721
5710
5694
5688
5676
5763
5745
5730
5736
5723
5708
5723
5705
5713
5705
5681
5676
5677
5739
5749
5747
5740
5715
5700
5700
5713
5679
5666
5660
5653
5653
5638
5642
5613
5607
5627
5625
5604
5621
5613
5595
5584
5588
5583
5571
5605
5595
5600
5585
5585
5581
5570
5561
5557
5563
5568
5575
5561
5567
5557
5549
5538
5548
5547
5547
5563
5538
5532
5569
5583
5576
5587
5570
5573
5562
5566
5554
5569
5544
5553
5563
5553
5552
5543
5535
5555
5540
5541
5543
5561
5563
5572
5579
5548
5580
5566
5565
5575
5576
5587
5565
5561
5594
5583
5597
5595
5609
5592
5606
5620
5622
5627
5634
5615
5622
5620
5627
5609
5654
5689
5679
5679
5682
5687
5685
5688
5692
5674
5696
5711
5715
5722
5631
5609
5512
5427
5354
5264
5192
5113
5029
4843
4701
4645
4614
4295
4193
4129
4064
4003
3967
3921
3885
3819
3763
3938
3913
3881
3846
3775
3745
3707
3668
3632
3576
3564
3555
3563
3574
3571
3559
3523
3509
3483
3447
3390
3244
3245
3229
3198
3170
3140
3119
3082
3074
3053
3012
2981
2965
2936
2918
2900
2877
2850
2832
2806
2789
2764
2739
2722
2703
2687
2664
2654
2636
2611
2584
2577
2519
2539
2561
2545
2531
2521
2515
2501
2481
2469
2460
2460
2440
2423
2416
2404
2384
2368
2360
2341
2322
2232
2227
2236
2211
2204
2206
2167
2175
2180
2157
2142
2135
2135
2126
2087
2100
2094
2094
2072
2072
2060
2042
2035
2025
2018
1994
2005
1987
1978
1971
1965
1955
1927
1922
1941
1925
1929
1891
1898
1909
1892
1864
1871
1849
1862
1835
1826
1820
1835
1825
1814
1801
1801
1795
1798
1791
1779
1769
1780
1773
1740
1763
1737
1747
1733
1735
1716
1732
1729
1720
1704
1663
1661
1674
1682
1699
1682
1703
1675
1694
1689
1675
1672
1654
1674
1675
1659
1662
1675
1652
1660
1647
1663
1642
1638
1653
1642
1616
1627
1638
1608
1623
1606
1611
1627
1603
1589
1599
1576
1591
1597
1570
1577
1565
1558
1562
1563
1542
1498
1502
1530
1490
1502
1503
1498
1523
1507
1482
1491
1497
1498
1488
1494
1500
1477
1468
1482
1471
1466
1470
1495
1463
1471
1481
1444
1461
1441
1455
1463
1453
1452
1468
1473
1447
1449
1449
1443
1433
1443
1438
1444
1433
1438
1444
1431
1438
1451
1433
1436
1423
1455
1424
1434
1430
1422
1439
1424
1417
1414
1409
1423
1427
1433
1422
1411
1435
1418
1424
1424
1421
1425
1420
1431
1431
1425
1417
1419
1407
1409
1413
1420
1412
1398
1408
1412
1429
1407
1416
1412
1404
1402
1417
1428
1407
1416
1410
1417
1419
1427
1410
1413
1429
1416
1429
1432
1416
1414
1420
1408
1412
1432
1436
1425
1429
1429
1418
1443
1418
1433
1422
1433
1435
1431
1424
1431
1417
1411
1419
1428
1447
1447
1453
1455
1456
1450
1472
1471
1484
1488
1483
1494
1500
1470
1495
1490
1516
1495
1489
1508
1490
1508
1510
1522
1533
1528
1515
1540
1506
1530
1512
1523
1534
1531
1542
1533
1543
1538
1539
1539
1541
1540
1540
1547
1561
1558
1570
1554
1553
1560
1563
1535
1519
1495
1498
1509
1527
1526
1516
1527
1539
1520
1512
1531
1537
1527
1549
1535
1554
1541
1571
1566
1565
1561
1563
1551
1561
1577
1589
1599
1558
1590
1574
1604
1605
1607
1622
1628
1630
1631
1643
1621
1544
1537
1551
1551
1565
1574
1598
1592
1606
1615
1592
1598
1621
1625
1628
1649
1622
1642
1652
1647
1672
1660
1672
1692
1698
1693
1701
1690
1711
1720
1702
1738
1747
1732
1747
1755
1743
1779
1789
1774
1779
1800
1827
1811
1827
1831
1857
1847
1855
1867
1885
1886
1890
1899
1904
1907
1912
1924
1938
1966
1953
1969
1964
1985
1999
2026
2035
2025
2039
2052
2157
2200
2210
2224
2231
2248
2273
2275
2302
2298
2316
2350
2395
2487
2514
2530
2549
2569
2569
2589
2590
2610
2622
2629
2660
2665
2640
2647
2698
2710
2737
2752
2775
2798
2809
2848
2867
2886
2907
2938
2956
2978
3010
3016
3046
3078
3096
3127
3154
3178
3206
3236
3263
3299
3320
3347
3354
3380
3531
3580
3606
3642
3648
3674
3730
3706
3689
3783
3839
3862
3926
3977
4021
4063
4120
4164
4205
4260
4311
4367
4422
4463
4498
4726
4760
4811
4831
4820
4952
5029
5098
5168
5267
5332
5430
5513
5583
5694
5925
6148
6929
7063
7282
7473
7790
7826
7847
7831
7811
7821
7814
7810
7778
7779
7774
7750
7751
7773
7767
7761
7748
7741
7735
7708
7712
7721
7729
7707
7702
7693
7688
7687
