8917
8919
8907
8905
8904
8895
8870
8883
8881
8896
8890
8884
8878
8875
8873
8882
8875
8875
8868
8865
8858
8872
8863
8862
8759
539
8632
8640
8644
8634
8632
8634
8640
8630
8632
8639
8641
8643
8649
8646
8644
8647
8651
8659
8668
8661
8674
8679
8677
8682
8684
8691
8696
8781
8815
8847
8976
8982
8977
8996
8980
9001
8974
9020
9022
9035
9049
9055
9048
9069
9069
9081
9072
9090
8963
8964
9124
9130
9136
9154
9177
9157
9142
9196
9203
9227
9227
9236
9269
9278
9282
9298
9280
9331
9234
9199
9176
9097
9100
9119
9122
9128
9151
9167
8279
8083
8087
8095
8268
8496
8710
8695
8687
8674
8671
8669
8669
8658
8653
8649
8649
8639
8632
8633
8639
8617
8612
8611
8614
8620
8614
8613
8612
8626
8604
8613
8613
8616
8602
8606
8614
8614
8616
8606
8611
8614
6377
7447
7242
7005
7006
6990
7009
7015
7015
7013
7023
7032
7034
7039
7028
7046
7058
7048
7128
8629
8647
8646
8653
8823
10373
10339
10274
10213
10149
10106
10044
9976
9923
9879
9815
9755
9723
9683
9608
9560
4462
4359
4251
4211
4189
4153
4173
4133
4168
4291
4363
4357
4328
4305
4288
4228
4203
4073
4080
4024
4005
4010
3994
8518
8478
5894
5884
5848
5813
5793
5772
5747
5713
5727
5691
5681
5656
5628
5715
6124
6092
6078
6055
6023
6014
5980
5970
6003
6023
6072
6112
6220
6202
6214
6339
6330
6317
6324
6305
6526
7456
7443
7399
7394
7362
7338
7323
7323
7281
7273
6966
6826
6818
6788
6770
6758
6736
6713
6346
6217
6201
6190
6168
6147
6143
6090
6081
6026
5975
5945
5978
5930
5910
5916
5889
5885
5877
5837
5840
5842
5815
5809
5799
5813
5780
5785
5775
5767
5730
5734
5737
5722
5714
5780
5759
5753
5756
5752
5729
5718
5721
5702
5690
5677
5758
5753
5748
5739
5713
5699
5700
5699
5674
5688
5668
5655
5679
5660
5612
5616
5614
5621
5595
5602
5596
5608
5582
5587
5571
5582
5575
5549
5571
5554
5549
5531
5525
5522
5523
5534
5506
5516
5501
5497
5516
5492
5479
5481
5473
5483
5452
5474
5490
5477
5477
5469
5489
5474
5470
5483
5459
5461
5457
5467
5469
5464
5437
5417
5432
5425
5438
5443
5435
5429
5438
5438
5419
5440
5433
5444
5419
5443
5443
5433
5432
5419
5433
5448
5448
5451
5434
5448
5448
5454
5460
5446
5440
5438
5452
5448
5458
5449
5474
5498
5475
5488
5475
5481
5479
5491
5498
5497
5491
5520
5520
5537
5498
5509
5529
5526
5527
5531
5548
5555
5565
5551
5581
5563
5580
5575
5596
5571
5589
5594
5613
5611
5622
5622
5642
5642
5651
5667
5653
5670
5668
5680
5682
5694
5694
5699
5729
5747
5750
5749
5757
5778
5801
5786
5790
5825
5814
5828
5845
5794
5789
5790
5824
5815
5815
5847
5849
5845
5886
5880
5896
5912
5907
5854
5867
5886
5865
5901
5907
5901
5937
5958
5975
5967
5991
6010
6021
6031
6035
6060
6075
6066
6106
6115
6117
6156
6162
6198
6277
6303
6311
6325
6355
6434
6427
6461
6483
6502
6526
6543
6552
6583
6593
6612
6640
6660
6671
6695
6714
6748
6764
6789
6813
6822
6846
6872
6897
6894
6981
6985
6961
6925
6904
6852
6810
6756
6686
6646
6622
6595
6563
6524
6508
6461
6437
6404
6380
6355
6320
6315
6276
6236
6218
6176
6139
6121
6097
6060
6098
6061
6046
6017
5990
5969
5929
5897
5877
5845
5769
5776
5771
5733
5719
5692
5665
5660
5635
5608
5584
5575
5564
5532
5516
5481
5470
5464
5447
5427
5408
5396
5383
5344
5324
5324
5316
5266
5319
5299
5275
5271
5251
5251
5208
5198
5174
5173
5146
5116
5095
5041
5026
4989
4986
4984
4951
4945
4937
4893
4821
4807
4797
4802
4771
4765
4755
4738
4723
4709
4709
4700
4694
4672
4669
4667
4653
4639
4626
4622
4603
4597
4586
4574
4564
4560
4550
4555
4543
4545
4537
4562
4581
4576
4577
4559
4545
4554
4549
4541
4526
4518
4513
4500
4496
4491
4489
4480
4520
4550
4552
4548
4541
4537
4530
4508
4521
4514
4493
4486
4479
4458
4475
4447
4444
4456
4448
4423
4415
4421
4439
4412
4402
4406
4396
4407
4402
4405
4405
4391
4385
4402
4374
4373
4374
4370
4370
4362
4358
4365
4351
4356
4360
4355
4354
4349
4352
4356
4352
4342
4339
4341
4344
4331
4336
4334
4335
4340
4334
4305
4314
4330
4370
4365
4369
4360
4347
4359
4359
4364
4340
4347
4342
4337
4343
4345
4343
4324
4341
4347
4353
4335
4326
4326
4345
4341
4346
4352
4347
4355
4354
4363
4374
4357
4363
4393
4379
4365
4373
4383
4382
4373
4389
4395
4395
4381
4396
4412
4394
4411
4407
4413
4416
4427
4426
4430
4429
4441
4440
4441
4461
4459
4454
4463
4446
4505
4512
4512
4518
4516
4530
4529
4528
4532
4535
4536
4543
4547
4549
4557
4567
4570
4534
4469
4435
4386
4329
4282
4227
4184
4134
4091
4043
4001
3961
3910
3873
3823
3743
3624
3590
3336
3327
3296
3275
3257
3202
3172
3146
3118
3094
3050
3016
3014
2994
2944
2908
2898
2866
2858
2824
2808
2792
2768
2757
2720
2677
2818
2823
2800
2791
2760
2745
2715
2720
2685
2666
2650
2631
2609
2586
2582
2562
2550
2530
2523
2522
2535
2543
2543
2545
2546
2533
2510
2502
2514
2481
2489
2477
2454
2431
2425
2424
2394
2371
2351
2342
2247
2251
2261
2250
2229
2214
2227
2207
2194
2185
2182
2152
2162
2139
2139
2124
2116
2106
2099
2082
2061
2066
2065
2065
2057
2042
2033
2033
1997
2009
1991
1979
1965
1972
1956
1969
1971
1952
1942
1931
1922
1932
1903
1891
1895
1887
1877
1870
1864
1863
1870
1849
1854
1828
1828
1833
1833
1806
1797
1782
1781
1799
1793
1789
1786
1753
1751
1769
1755
1755
1737
1713
1706
1721
1731
1745
1741
1718
1729
1729
1711
1719
1715
1726
1721
1712
1683
1715
1693
1708
1709
1702
1677
1687
1691
1672
1675
1689
1676
1659
1662
1657
1653
1648
1659
1660
1646
1648
1633
1619
1614
1620
1636
1616
1622
1609
1610
1596
1560
1554
1548
1563
1544
1555
1536
1563
1549
1554
1552
1549
1547
1525
1539
1546
1521
1563
1541
1521
1527
1527
1521
1519
1522
1516
1513
1519
1537
1527
1523
1520
1501
1510
1503
1498
1521
1492
1511
1487
1511
1506
1487
1513
1505
1503
1484
1483
1482
1507
1486
1504
1496
1474
1498
1485
1485
1494
1476
1482
1482
1475
1477
1479
1480
1470
1470
1479
1479
1478
1465
1485
1471
1460
1496
1467
1464
1466
1486
1461
1493
1488
1475
1476
1486
1473
1481
1479
1448
1469
1474
1472
1457
1464
1486
1477
1472
1472
1467
1465
1472
1491
1480
1467
1503
1483
1474
1494
1485
1499
1484
1479
1450
1498
1487
1492
1481
1490
1506
1487
1494
1499
1485
1470
1474
1475
1478
1507
1527
1514
1524
1525
1549
1545
1541
1554
1548
1543
1553
1549
1563
1545
1567
1561
1558
1567
1567
1576
1570
1573
1563
1591
1590
1589
1593
1591
1609
1610
1588
1594
1592
1607
1598
1599
1607
1624
1637
1614
1626
1622
1627
1621
1625
1621
1642
1618
1594
1602
1587
1601
1620
1626
1617
1630
1638
1646
1651
1661
1660
1648
1649
1681
1655
1656
1682
1683
1675
1675
1678
1711
1701
1694
1699
1709
1719
1714
1725
1729
1709
1745
1738
1736
1768
1750
1750
1774
1757
1785
1781
1792
1785
1792
1813
1791
1821
1827
1826
1854
1848
1845
1837
1870
1856
1882
1895
1872
1896
1881
1888
1916
1908
1925
1929
1927
1937
1940
1944
1979
1971
1979
1987
2008
2007
2008
2023
2033
2046
2035
2043
2050
2051
2072
2048
2134
2133
2157
2165
2189
2206
2200
2231
2240
2251
2252
2260
2283
2287
2288
2323
2318
2324
2345
2354
2360
2366
2352
2351
2338
2344
2326
2324
2333
2359
2368
2389
2393
2416
2421
2450
2458
2459
2484
2499
2506
2515
2536
2561
2582
2593
2594
2464
2478
2521
2540
2561
2568
2585
2602
2625
2661
2667
2698
2707
2715
2747
2750
2781
2806
2824
2847
2881
2906
2931
2945
2973
2995
3014
3042
3078
3082
3283
3372
3420
3535
3638
3663
3704
3711
3752
3750
3755
3820
3870
3911
3941
3982
4035
4082
4121
4170
4239
4268
4315
4370
4426
4479
4507
4725
4784
4829
4854
4858
4857
4989
5056
5148
5225
5300
5385
5470
5556
5626
5707
5968
6003
6002
6134
6250
6364
6487
6604
6727
6832
7149
8224
8464
8809
9022
9034
9017
9018
9003
9001
8997
8981
8980
8959
8974
8979
8951
8962
8946
8941
8937
8931
8922
8923
