10151
10148
10138
10126
10120
10111
10106
10101
10105
10110
10093
10102
10098
10091
10085
10074
10084
10091
10073
10067
10052
10082
10074
10051
10075
628
10061
10060
10031
9831
9835
9814
9826
9811
9817
9836
9811
9826
9823
9824
9836
9812
9824
9827
9829
9850
9848
9855
9857
9854
9843
9853
9867
9866
9936
9998
10068
10144
10146
10152
10155
10167
10136
10171
10191
10203
10212
10214
10229
10224
10243
10225
10258
10110
10118
10284
10281
10283
10305
10323
10301
10350
10352
10350
10370
10368
10399
10400
10410
10421
10441
10324
10298
10272
10205
10214
10218
10257
9795
9174
9191
9268
9449
9767
9818
6805
6765
6665
6580
6648
6466
6742
6824
6836
6885
6918
6936
6945
6952
6979
6957
0
9679
9669
9673
9670
0
7017
6987
6995
6921
7232
7253
6798
7174
7141
7162
7266
7991
8002
8015
8014
8030
8010
8032
8013
8028
8028
8026
8077
9598
9582
9603
9581
9596
9597
9614
5167
5097
5067
5047
5050
5211
5342
5240
5235
5166
5143
4923
4853
4863
4844
5079
10473
10419
10348
10304
10233
10167
10092
10051
9939
9900
9832
9790
9742
6721
6680
6655
6623
6575
6543
6511
6471
6451
6416
6544
6840
6875
6902
6864
6833
6782
6759
6729
6723
6760
6787
6811
6872
6961
6925
6935
7083
7041
7026
7036
7002
7450
8281
8256
8204
8194
8150
8115
8079
8073
8031
7991
7984
7628
7476
7440
7411
7166
6850
6823
6794
6762
6746
6727
6679
6653
6550
6515
6491
6461
6452
6408
6388
6369
6372
6351
6334
6305
6295
6274
6252
6246
6232
6215
6191
6244
6258
6255
6244
6219
6208
6191
6174
6142
6135
6129
6159
6191
6154
6127
6119
6104
6087
6063
6063
6058
6034
6033
5974
5985
5988
5950
5940
5948
5926
5887
5910
5887
5879
5849
5835
5831
5818
5818
5820
5789
5783
5775
5746
5757
5752
5720
5730
5699
5712
5691
5699
5687
5674
5695
5686
5650
5667
5639
5640
5632
5626
5621
5620
5599
5598
5598
5541
5563
5547
5556
5534
5550
5542
5521
5506
5510
5509
5510
5508
5490
5507
5483
5470
5469
5461
5445
5444
5448
5446
5444
5429
5431
5432
5429
5425
5415
5408
5417
5410
5382
5387
5434
5415
5404
5413
5406
5391
5399
5399
5391
5394
5400
5398
5387
5408
5367
5366
5374
5369
5371
5385
5373
5366
5367
5369
5364
5369
5367
5374
5374
5377
5364
5373
5358
5374
5368
5378
5377
5361
5369
5389
5379
5381
5384
5383
5378
5390
5392
5407
5403
5391
5437
5432
5411
5423
5414
5428
5446
5438
5451
5442
5461
5454
5449
5447
5474
5405
5407
5401
5412
5423
5411
5435
5422
5413
5442
5445
5458
5447
5465
5444
5405
5392
5402
5413
5430
5424
5426
5433
5451
5457
5442
5466
5483
5478
5480
5514
5479
5516
5540
5499
5532
5542
5547
5555
5566
5571
5580
5577
5615
5688
5701
5686
5732
5731
5725
5757
5820
5829
5799
5843
5861
5870
5919
5886
5912
5906
5929
5943
5955
5955
5967
6001
5999
6018
6030
6038
6055
6063
6081
6102
6104
6126
6135
6152
6159
6170
6194
6237
6256
6233
6212
6163
6114
6064
6007
5871
5888
5855
5830
5751
5735
5696
5665
5632
5587
5555
5511
5490
5434
5413
5382
5367
5319
5294
5212
5251
5232
5201
5175
5151
5109
5086
5061
5026
4991
4942
4889
4868
4856
4838
4805
4779
4770
4740
4705
4683
4663
4651
4620
4599
4593
4543
4546
4522
4497
4480
4465
4435
4425
4410
4381
4362
4335
4301
4283
4354
4329
4307
4288
4265
4246
4240
4227
4201
4165
4152
4148
4125
4100
4039
3993
3991
3980
3967
3945
3932
3920
3901
3806
3787
3772
3751
3734
3729
3727
3706
3705
3671
3678
3661
3656
3620
3636
3610
3613
3593
3563
3566
3560
3556
3539
3525
3526
3507
3509
3495
3490
3460
3478
3469
3459
3433
3427
3424
3414
3406
3478
3486
3482
3478
3470
3452
3445
3436
3430
3424
3409
3400
3400
3416
3392
3380
3364
3361
3361
3362
3349
3340
3382
3413
3407
3420
3408
3388
3392
3377
3361
3377
3347
3352
3343
3351
3321
3331
3307
3304
3294
3300
3291
3284
3279
3269
3260
3276
3233
3241
3255
3250
3230
3239
3237
3233
3240
3219
3225
3225
3227
3212
3221
3214
3197
3207
3212
3203
3191
3202
3168
3186
3191
3184
3183
3182
3175
3183
3169
3171
3163
3177
3164
3175
3160
3157
3162
3162
3170
3154
3152
3152
3154
3149
3153
3154
3153
3134
3158
3146
3135
3143
3146
3150
3146
3125
3131
3123
3166
3188
3170
3181
3176
3174
3175
3165
3157
3171
3171
3173
3157
3154
3163
3157
3168
3146
3167
3161
3156
3139
3163
3159
3168
3160
3174
3161
3150
3145
3146
3165
3168
3169
3172
3175
3175
3172
3178
3176
3176
3188
3175
3196
3189
3199
3190
3210
3204
3212
3199
3225
3217
3216
3214
3230
3238
3239
3246
3228
3239
3248
3239
3262
3259
3254
3249
3268
3281
3288
3287
3274
3290
3297
3307
3305
3316
3311
3306
3334
3314
3329
3346
3344
3345
3342
3390
3411
3396
3402
3424
3404
3404
3412
3423
3426
3438
3434
3456
3441
3438
3461
3478
3467
3479
3497
3495
3487
3427
3409
3392
3380
3356
3313
3300
3262
3238
3207
3188
3163
3138
3114
3099
3066
3039
3019
3009
2999
2962
2937
2920
2900
2885
2865
2838
2822
2804
2783
2762
2762
2697
2677
2619
2602
2591
2564
2555
2543
2526
2516
2500
2348
2345
2322
2324
2307
2295
2268
2263
2247
2241
2239
2210
2214
2190
2182
2170
2145
2163
2144
2145
2128
2104
2102
2092
2079
2067
2074
2055
2054
2030
2017
2001
2008
2003
1976
1990
1981
1956
1960
1951
1943
1940
1931
1929
1917
1908
1896
1892
1868
1866
1873
1869
1858
1856
1840
0
1926
1907
1910
1919
1922
1906
1890
1870
1899
1883
1873
1864
1858
1854
1841
1833
1848
1834
1820
1813
1813
1805
1813
1812
1806
1787
1783
1771
1793
1773
1769
1781
1749
1749
1772
1771
1792
1822
1819
1803
1791
1772
1773
1789
1792
1769
1764
1761
1763
1754
1756
1768
1746
1763
1753
1738
1727
1721
1728
1735
1729
1712
1718
1727
1713
1720
1698
1702
1676
1683
1674
1686
1686
1662
1665
1679
1656
1631
1618
1612
1605
1605
1625
1607
1619
1621
1609
1618
1604
1613
1613
1614
1594
1606
1606
1603
1576
1592
1603
1580
1584
1597
1565
1582
1574
1567
1560
1582
1568
1572
1570
1562
1566
1552
1568
1569
1563
1565
1568
1555
1562
1561
1547
1555
1527
1560
1557
1562
1547
1555
1553
1533
1541
1528
1553
1547
1552
1536
1533
1530
1547
1544
1525
1547
1547
1552
1546
1547
1534
1547
1553
1536
1544
1540
1510
1530
1555
1560
1587
1545
1527
1543
1539
1552
1549
1539
1547
1533
1535
1537
1536
1546
1529
1550
1547
1551
1542
1548
1552
1545
1560
1542
1540
1532
1545
1563
1553
1566
1546
1555
1550
1545
1551
1550
1555
1524
1529
1563
1571
1591
1633
1566
1589
1591
1588
1591
1607
1599
1623
1631
1610
1610
1636
1626
1629
1634
1633
1618
1644
1643
1643
1628
1621
1646
1663
1648
1653
1644
1677
1662
1663
1660
1671
1668
1664
1677
1671
1659
1683
1676
1688
1666
1671
1662
1683
1680
1671
1653
1646
1677
1658
1689
1683
1689
1704
1709
1696
1695
1715
1729
1727
1713
1707
1730
1744
1737
1747
1730
1748
1753
1756
1763
1760
1758
1788
1770
1788
1787
1792
1774
1812
1820
1817
1826
1831
1829
1839
1832
1854
1840
1858
1857
1861
1850
1867
1893
1891
1880
1903
1913
1908
1922
1927
1920
1932
1942
1947
1943
1979
1974
1983
1996
1999
1994
2000
1998
2018
2009
2038
2046
2053
2059
2064
2072
2063
2090
2104
2117
2123
2120
2112
2111
2175
2188
2196
2215
2229
2246
2261
2278
2298
2304
2309
2316
2321
2324
2338
2336
2367
2355
2373
2383
2390
2403
2396
2396
2378
2384
2442
2438
2449
2466
2474
2496
2502
2528
2535
2545
2578
2579
2574
2621
2621
2652
2663
2677
2689
2714
2728
2742
2759
2800
2805
2831
2827
2859
2861
2898
2915
2932
2954
2976
3003
3023
3034
3056
3044
3165
3209
3227
3269
3285
3316
3351
3347
3375
3406
3390
3383
3370
3381
3407
3440
3479
3503
3552
3570
3604
3632
3671
3701
3735
3543
3553
3636
3671
3705
3733
3773
3811
3848
3905
3952
4003
4037
4077
4136
4183
4415
4669
4826
4859
4893
4890
5004
5076
5148
5220
5301
5380
5438
5544
5608
5665
5919
5981
6046
6027
6203
6306
6401
6520
6639
6767
6852
7153
7184
7335
7480
7641
7771
7948
8268
9590
10058
10223
10213
10207
10185
10188
10184
10152
10157
10165
10142
