11375
11385
11372
11334
11342
11338
11348
11336
11333
11316
11322
11310
11308
11313
11307
11310
11299
11294
740568089
11294
11290
11279
11282
11290
11268
11272
11214
11032
11027
11046
11025
11039
11040
11025
11030
11043
11038
11026
11040
11032
11046
11054
11044
11044
11048
11050
11049
11059
11072
11161
11180
11339
11356
11353
11358
11359
11362
11368
11384
11389
11435
11404
11403
11428
11409
11418
11281
11297
11474
11478
11475
11502
11485
11487
11521
11527
11554
11537
11563
11569
11588
11603
11471
11464
11434
11362
11353
11381
10499
10320
7938
7891
7786
7687
7570
7513
7523
7534
7606
7778
7608
7626
7669
7656
7679
7660
7620
7663
7658
7621
7621
7649
7639
7683
7761
7810
7711
7707
7719
9161
9068
9075
9073
9074
9071
9072
9063
9078
9056
6187
6164
6090
6068
6104
6124
6310
6322
6135
5893
5855
5861
6073
6072
12511
12506
12450
12380
12273
12162
12077
11997
11908
11825
11737
11634
11554
11491
11432
11323
11264
7672
7610
7556
7512
7455
7421
7357
7330
7420
7697
7733
7755
7774
7762
7695
7647
7602
7599
7604
7643
7673
7738
7835
7782
7775
7926
7878
7864
7842
7904
9290
9232
9199
9160
9104
9067
9022
8974
8941
8887
8841
8802
8319
8008
7624
7540
7520
7479
7456
7411
7350
7336
7309
7258
7251
7201
7128
7151
7095
7064
7001
6974
6934
6942
6918
6894
6939
6902
6873
6850
6828
6802
6771
6754
6731
6778
6777
6740
6703
6671
6666
6637
6618
6601
6573
6529
6528
6500
6469
6463
6430
6417
6380
6372
6353
6336
6318
6308
6297
6265
6244
6223
6220
6207
6184
6158
6144
6139
6115
6079
6083
6094
6071
6047
6033
6019
5991
5995
5981
5967
5956
5940
5912
5897
5897
5872
5854
5841
5848
5835
5828
5814
5790
5790
5772
5752
5747
5759
5726
5714
5704
5694
5694
5670
5657
5643
5650
5624
5638
5623
5618
5582
5566
5623
5596
5581
5572
5542
5562
5539
5531
5532
5513
5513
5517
5508
5480
5464
5466
5453
5460
5451
5453
5450
5424
5435
5426
5437
5424
5386
5404
5414
5386
5380
5385
5370
5377
5368
5370
5363
5352
5356
5352
5348
5352
5323
5324
5331
5341
5323
5304
5294
5354
5340
5331
5324
5312
5328
5313
5310
5308
5298
5299
5311
5310
5322
5280
5263
5243
5241
5236
5237
5234
5233
5229
5243
5236
5224
5240
5230
5172
5155
5134
5146
5149
5140
5146
5144
5146
5125
5157
5132
5155
5154
5149
5139
5162
5154
5155
5163
5166
5165
5172
5179
5157
5182
5188
5164
5193
5195
5199
5199
5193
5241
5293
5305
5301
5309
5313
5304
5324
5332
5375
5382
5381
5356
5393
5384
5406
5405
5407
5416
5416
5419
5419
5453
5435
5451
5453
5471
5467
5468
5487
5480
5490
5508
5496
5508
5522
5540
5546
5539
5538
5565
5554
5565
5581
5569
5566
5619
5654
5639
5597
5548
5498
5253
5247
5244
5218
5163
5105
5056
5004
4965
4909
4874
4821
4773
4730
4674
4588
4505
4530
4517
4483
4447
4410
4355
4317
4281
4130
4131
4111
4082
4050
4013
3979
3953
3919
3888
3862
3825
3806
3790
3747
3723
3710
3681
3657
3611
3578
3573
3541
3527
3507
3496
3443
3470
3465
3438
3425
3418
3393
3383
3350
3325
3312
3275
3239
3184
3084
3075
3059
3045
3031
3010
2994
2881
2836
2829
2822
2770
2791
2776
2760
2756
2725
2701
2693
2691
2671
2655
2642
2632
2615
2603
2581
2593
2565
2566
2552
2553
2518
2523
2503
2500
2488
2471
2469
2463
2431
2431
2435
2409
2403
2391
2384
2392
2369
2353
2351
2325
2438
2433
2420
2402
2407
2393
2381
2378
2374
2367
2352
2348
2349
2327
2331
2316
2306
2305
2295
2289
2279
2274
2269
2254
2240
2262
2257
2248
2218
2227
2224
2248
2255
2258
2291
2270
2271
2262
2267
2271
2251
2243
2244
2224
2221
2216
2208
2199
2200
2190
2191
2184
2166
2168
2154
2146
2152
2135
2146
2128
2112
2118
2111
2104
2107
2102
2084
2091
2076
2073
2058
2051
2058
2064
2079
2043
2066
2056
2061
2031
2051
2043
2045
2029
2044
2020
2022
2028
2015
2010
2017
2013
2009
2005
1996
1997
1990
2010
2000
2001
1985
1986
1962
1983
1980
1990
1991
1996
1973
1975
1980
1964
1971
1954
1969
1965
1964
1967
1956
1955
1949
1949
1960
1938
1937
1939
1934
1960
1937
1940
1942
1946
1925
1930
1950
1924
1942
1927
1934
1926
1943
1931
1935
1945
1932
1917
1911
1942
1926
1924
1930
1925
1923
1930
1927
1918
1918
1921
1933
1920
1912
1912
1908
1906
1901
1924
1958
1964
1936
1967
1967
1964
1958
1950
1963
1952
1967
1959
1965
1943
1956
1964
1954
1975
1973
1959
1953
1959
1946
1973
1968
1957
1956
1966
1960
1964
1957
1969
1951
1959
1964
1956
1972
1969
1976
1966
1959
1985
1968
1990
1977
1947
1970
1975
1984
1998
1986
1979
1997
2000
2001
2000
1994
1991
2010
2000
2014
2023
2029
2026
2025
2035
2014
2041
2028
2041
2040
2036
2042
2054
2050
2057
2073
2075
2087
2064
2070
2088
2097
2104
2100
2101
2096
2093
2115
2128
2112
2123
2114
2134
2138
2154
2149
2154
2153
2152
2169
2168
2171
2182
2193
2185
2193
2210
2209
2216
2202
2205
2215
2223
2234
2235
2245
2260
2255
2262
2272
2269
2288
2294
2283
2285
2280
2337
2359
2367
2367
2376
2390
2387
2396
2400
2403
2408
2419
2423
2430
2436
2440
2442
2459
2458
2476
2471
2477
2480
2497
2502
2525
2529
2539
2535
2517
2459
2452
2451
2444
2433
2427
2423
2402
2388
2381
2358
2370
2354
2345
2316
2312
2306
2293
2275
2273
2273
2260
2242
2242
2229
2210
2207
2200
2206
2195
2169
2171
2157
2169
2145
2146
2143
2128
2128
2120
2091
2084
2094
2084
2094
2063
2050
2064
2040
2043
2021
2036
2028
2001
1986
2005
1986
1993
1991
1989
1968
1968
1956
1967
1950
1916
1918
1910
1953
1959
1944
1940
1886
1851
1850
1863
1848
1839
1832
1826
1826
1826
1817
1812
1828
1811
1803
1799
1787
1792
1776
1797
1778
1760
1750
1771
1776
1762
1766
1745
1743
1714
1626
1671
1660
1651
1644
1638
1636
1660
1641
1641
1632
1631
1633
1618
1647
1629
1599
1608
1604
1600
1620
1565
1629
1613
1598
1581
1588
1598
1602
1590
1604
1590
1591
1561
1582
1574
1594
1573
1578
1561
1581
1578
1559
1559
1562
1570
1560
1569
1574
1553
1562
1539
1542
1554
1521
1545
1538
1550
1542
1530
1549
1552
1520
1532
1532
1527
1525
1528
1544
1525
1542
1527
1511
1531
1519
1512
1515
1521
1517
1518
1506
1520
1528
1490
1514
1513
1503
1514
1493
1490
1504
1515
1516
1512
1507
1507
1504
1508
1508
1503
1513
1519
1498
1505
1526
1575
1586
1594
1596
1602
1592
1598
1599
1595
1598
1618
1604
1625
1610
1606
1595
1611
1620
1598
1607
1627
1609
1615
1617
1622
1625
1601
1612
1628
1615
1612
1628
1638
1604
1632
1673
1667
1721
1692
1712
1716
1710
1714
1728
1710
1732
1738
1735
1744
1744
1740
1743
1737
1737
1747
1746
1752
1757
1746
1762
1770
1753
1756
1745
1750
1770
1755
1778
1771
1769
1776
1776
1792
1783
1788
1781
1754
1758
1763
1756
1774
1801
1793
1780
1803
1775
1788
1792
1811
1822
1822
1820
1822
1819
1846
1829
1821
1853
1851
1850
1849
1846
1868
1880
1865
1883
1872
1893
1889
1898
1905
1894
1910
1920
1913
1921
1939
1933
1938
1961
1964
1958
1968
1962
1974
1978
1991
2003
2011
2012
2019
2021
2018
2029
2032
2042
2060
2067
2067
2074
2078
2079
2099
2108
2107
2102
2129
2146
2133
2151
2163
2147
2160
2173
2185
2206
2190
2180
2197
2264
2271
2285
2300
2310
2325
2342
2357
2356
2368
2380
2390
2389
2409
2412
2443
2439
2441
2453
2460
2469
2483
2493
2497
2465
2463
2521
2509
2528
2551
2561
2580
2581
2599
2625
2625
2645
2651
2677
2690
2708
2718
2731
2750
2778
2782
2810
2822
2844
2855
2873
2909
2906
2938
2949
2971
2998
3015
3021
3058
3073
3103
3115
3135
3121
3240
3265
3317
3314
3348
3365
3397
3405
3429
3455
3479
3467
3453
3511
3532
3576
3607
3630
3673
3683
3732
3780
3786
3843
3878
3919
3957
3984
4031
4063
4107
4132
4167
4174
4368
4420
4473
4508
4551
4537
4541
4530
4577
4622
4681
4740
4783
4851
4896
4866
4728
4810
4854
4944
4981
5082
5148
5229
5333
5341
5930
6084
6076
6204
6337
6432
6531
6639
6759
6866
7087
7224
7229
7396
7569
7688
7860
8010
8333
8373
8588
8748
8960
9178
9726
11309
11430
11413
11423
11410
11390
11389
11373
10
