2424
2414
2415
2405
2420
2431
2419
2417
2403
2424
2423
2416
2402
2409
2404
2396
2411
2422
2407
2405
2419
2401
2408
2416
2414
2422
2416
2429
2428
2424
2426
2421
124
2427
2491
2523
2521
2524
2525
2521
2525
2526
2528
2528
2528
2536
2536
2541
2534
2544
2543
2542
2547
2549
2547
2569
2595
2617
2626
2617
2640
2640
2634
2640
2649
2656
2647
2653
2652
2660
2660
2671
2668
2672
2674
2666
2686
2689
2682
2679
2673
2680
2696
2658
2654
2660
2675
2684
2682
2693
2692
2699
2701
2701
2712
2724
2717
2731
2736
2736
2747
2751
2756
2755
2762
2772
2779
2785
2782
2782
2791
2803
2796
2815
2821
2826
2826
2831
2843
2844
2851
2852
2853
2873
2876
2887
2881
2894
2903
2916
2913
2916
2932
2938
2947
2951
2968
2960
2964
2985
2995
3005
3007
3010
2984
3045
3065
3078
3100
3114
3119
3137
3145
3149
3154
3164
3169
3188
3195
3200
3218
3215
3240
3231
3254
3246
3214
3229
3257
3267
3286
3283
3317
3333
3337
3339
3348
3371
3374
3391
3396
3422
3441
3450
3459
3491
3495
3523
3519
3550
3536
3568
3597
3608
3605
3624
3643
3659
3688
3691
3707
3716
3754
3751
3771
3777
3851
3877
3908
3937
3953
3975
3992
4015
4037
4041
4058
4091
4100
4057
4117
4131
4160
4166
4188
4211
4257
4267
4304
4331
4349
4388
4413
4423
4460
4481
4528
4540
4580
4605
4633
4659
4693
4714
4723
4855
4879
4944
4969
5008
5023
5063
5062
5046
5037
5069
5098
5136
5190
5233
5283
5313
5318
5198
5255
5306
5327
5381
5428
5457
5552
5578
5638
5682
5765
5820
5863
6145
6273
6439
6479
6525
6504
6627
6697
6782
6851
6925
7009
7095
7162
7236
7267
7518
7587
7614
7622
7806
7877
8001
8104
8205
8320
8393
8654
8752
8739
8961
9087
9213
9344
9508
9701
10052
10830
11039
11362
11667
11761
11743
11729
11717
11688
11688
11667
11683
11639
11633
11635
11626
11597
11628
11593
11572
11582
11587
11555
11559
11547
11539
11535
11519
11512
11522
11498
11490
11486
11493
11474
11484
11471
11271
11216
11215
11196
11204
11206
11191
11184
11221
11207
11220
11195
11207
11174
11172
11169
11185
11162
11152
11167
11164
11168
11236
11269
11283
11341
11357
11365
11411
11411
11403
11429
11433
11419
11440
11465
11461
11455
11429
11329
11298
11483
11476
11484
11473
11492
11473
11490
11495
11498
11515
11522
11533
11542
11558
11555
11448
11409
11329
11329
10286
10266
10332
11363
11351
10952
10857
10840
10833
10808
10794
10793
10774
10749
10743
10715
10716
10679
10665
10665
10650
10641
8291
10625
10615
8948
8968
8906
5982
5886
5852
5896
8893
5858
5876
5878
5991
5940
5906
5922
8842
8859
9285
9286
9520
10405
10401
10379
10371
10363
10353
10350
10333
10354
10967
11037
12163
12205
12222
12230
12231
12165
12104
11969
11871
11755
7332
7261
7211
7148
7065
7026
6954
7093
7316
7344
7353
7363
7408
7407
7369
7285
7250
7213
7232
7247
7263
7294
7374
7420
7388
7349
7483
7519
7460
7449
7393
7521
9053
8992
8945
8882
8835
8764
8711
8679
8618
8574
8513
8472
8423
7353
7117
7059
7024
6975
6810
6773
6723
6716
6673
6636
6599
6562
6541
6504
6459
6430
6411
6366
6339
6318
6376
6367
6318
6309
6277
6235
6215
6202
6158
6159
6185
6173
6153
6100
6087
6058
6027
6021
6000
5985
5905
5906
5888
5858
5813
5806
5779
5763
5736
5726
5694
5668
5661
5647
5631
5604
5594
5553
5553
5501
5493
5476
5454
5458
5412
5402
5416
5400
5396
5367
5342
5324
5302
5278
5289
5265
5242
5247
5235
5184
5177
5152
5146
5144
5122
5101
5095
5085
5059
5067
5050
5021
5019
5009
4997
4981
4968
4946
4951
4935
4913
4906
4902
4892
4875
4860
4858
4842
4835
4826
4806
4776
4784
4813
4799
4791
4754
4759
4748
4740
4740
4720
4722
4703
4701
4683
4693
4693
4650
4643
4646
4649
4631
4626
4618
4616
4606
4604
4599
4595
4589
4571
4576
4567
4561
4547
4545
4541
4537
4534
4521
4517
4506
4511
4496
4491
4495
4490
4488
4482
4478
4471
4473
4480
4465
4462
4458
4431
4433
4464
4458
4455
4450
4451
4453
4433
4444
4424
4427
4422
4426
4415
4415
4414
4424
4418
4364
4332
4341
4341
4346
4335
4327
4330
4334
4335
4320
4323
4328
4330
4329
4310
4333
4307
4240
4245
4226
4238
4233
4238
4246
4247
4231
4229
4252
4227
4248
4237
4243
4237
4241
4247
4242
4241
4248
4252
4257
4253
4245
4257
4249
4250
4265
4252
4266
4277
4268
4271
4259
4266
4281
4290
4273
4348
4392
4379
4383
4382
4385
4401
4398
4411
4411
4433
4469
4475
4467
4446
4459
4473
4479
4486
4490
4507
4499
4509
4513
4505
4512
4520
4531
4527
4536
4547
4552
4563
4556
4560
4577
4576
4591
4591
4601
4598
4613
4617
4620
4627
4639
4646
4645
4669
4660
4677
4688
4688
4676
4717
4751
4764
4752
4714
4685
4636
4583
4508
4361
4351
4314
4296
4235
4189
4179
4137
4099
4070
4026
3987
3946
3920
3889
3832
3823
3806
3765
3733
3704
3642
3634
3685
3647
3640
3599
3580
3553
3538
3494
3485
3433
3414
3358
3269
3275
3280
3249
3214
3214
3189
3176
3163
3119
3090
3098
3074
3050
3033
3017
3008
2982
2972
2953
2932
2924
2896
2890
2878
2863
2832
2831
2809
2802
2779
2770
2753
2736
2718
2697
2694
2675
2678
2623
2633
2680
2670
2661
2649
2634
2627
2621
2607
2589
2581
2568
2559
2547
2532
2509
2499
2489
2468
2458
2449
2438
2390
2354
2323
2326
2305
2303
2295
2276
2280
2277
2265
2261
2248
2233
2222
2207
2107
2105
2113
2104
2078
2090
2066
2080
2060
2071
2056
2030
2034
2025
2031
2028
2005
2011
2005
1997
1977
1986
1973
1963
1952
1955
1959
1935
1940
1938
1934
1927
1927
1931
1922
1905
1894
1895
1914
1886
1890
1878
1882
1865
1859
1874
1853
1861
1866
1844
1848
1841
1840
1847
1842
1823
1814
1828
1830
1821
1816
1792
1818
1812
1808
1798
1785
1800
1786
1789
1783
1769
1799
1773
1740
1818
1862
1855
1848
1828
1840
1844
1816
1840
1838
1833
1831
1834
1809
1813
1830
1823
1826
1804
1801
1803
1801
1789
1792
1789
1808
1803
1781
1794
1793
1776
1802
1788
1774
1783
1795
1776
1758
1770
1769
1775
1779
1968
1936
1885
1845
1837
1838
1840
1845
1823
1838
1831
1833
1811
1833
1825
1814
1822
1822
1819
1816
1820
1804
1797
1816
1817
1803
1807
1810
1811
1788
1810
1800
1804
1807
1794
1800
1796
1786
1786
1783
1781
1784
1796
1776
1771
1785
1797
1812
1784
1783
1772
1748
1777
1771
1782
1795
1790
1777
1796
1780
1804
1791
1799
1790
1803
1810
1801
1813
1821
1819
1820
1819
1813
1808
1813
1820
1818
1811
1822
1827
1814
1836
1813
1830
1839
1838
1851
1847
1845
1828
1833
1843
1837
1856
1838
1855
1866
1870
1869
1863
1856
1882
1872
1863
1889
1882
1896
1893
1863
1890
1910
1913
1899
1912
1919
1908
1908
1915
1918
1924
1926
1938
1921
1938
1916
1925
1938
1950
1941
1965
1953
1967
1962
1973
1964
1974
1990
1995
1975
1976
1985
2006
2013
2019
2011
2021
2005
2019
2063
2097
2072
2087
2096
2102
2086
2105
2116
2122
2126
2106
2112
2137
2133
2117
2136
2149
2143
2144
2139
2165
2176
2171
2177
2179
2190
2205
2199
2204
2214
2220
2240
2245
2233
2238
2239
2245
2251
2271
2295
2289
2305
2313
2316
2316
2325
2337
2358
2369
2359
2395
2387
2396
2399
2416
2436
2438
2447
2452
2471
2476
2507
2510
2514
2519
2531
2538
2551
2554
2574
2587
2601
2610
2618
2630
2642
2654
2672
2682
2693
2708
2722
2731
2753
2761
2774
2778
2790
2799
2808
2896
2921
2911
2940
2952
2964
2981
2983
2994
3008
3040
3053
3062
3082
3100
3135
3114
3119
3114
3068
3054
3060
3052
3037
3038
3010
3015
3005
3003
3001
2982
2984
2952
2950
2946
2941
2928
2940
2917
2914
2903
2899
2897
2886
2877
2875
2876
2857
2860
2839
2847
2833
2833
2822
2818
2813
2806
2812
2799
2804
2787
2787
2771
2773
2762
2753
2762
2758
2739
2738
2735
2734
2721
2727
2718
2716
2699
2690
2685
2694
2720
2708
2707
2677
2634
2630
2637
2623
2608
2609
2610
2605
2613
2602
2598
2602
2594
2581
2591
2587
2589
2580
2581
2565
2570
2571
2544
2480
2480
2483
2472
2474
2480
2458
2459
2456
2459
2466
2462
2460
2451
2445
2459
2445
2435
2439
2444
2437
2441
2432
2429
2434
2430
2442
2435
2427
2437
2440
2421
2424
2420
2423
