3611
3604
3614
3602
3620
3603
3609
3612
3616
3594
3612
3608
3596
3611
3603
3593
3596
3609
3591
3616
3597
3594
3615
224
3614
3601
3609
3599
3600
3684
3699
3695
3700
3690
3689
3713
3712
3721
3710
3714
3729
3711
3704
3714
3756
3796
3806
3803
3782
3805
3822
3828
3814
3819
3809
3813
3833
3839
3818
3822
3839
3838
3833
3801
3793
3811
3830
3836
3839
3852
3847
3846
3868
3849
3868
3863
3875
3878
3878
3874
3891
3887
3900
3910
3927
3922
3926
3913
3919
3942
3943
3952
3951
3978
3968
3972
3984
3988
3991
3983
3984
3992
4028
4012
4022
4043
4044
4052
4046
4051
4080
4104
4118
4123
4138
4148
4158
4169
4187
4197
4188
4221
4200
4222
4231
4235
4241
4240
4204
4226
4246
4271
4271
4295
4299
4304
4316
4330
4351
4363
4365
4381
4386
4400
4412
4419
4438
4442
4456
4480
4482
4499
4513
4533
4540
4553
4585
4594
4595
4619
4623
4648
4650
4653
4679
4729
4753
4771
4794
4804
4822
4841
4853
4861
4885
4900
4909
4888
4887
4941
4946
4971
4992
5014
5036
5058
5078
5115
5117
5142
5160
5172
5199
5223
5243
5273
5271
5323
5332
5367
5396
5411
5423
5449
5479
5544
5582
5619
5646
5669
5711
5729
5751
5731
5718
5729
5756
5789
5812
5845
5880
5916
5930
5963
5865
5877
5941
5930
5983
6035
6066
6069
6135
6132
6189
6236
6253
6312
6353
6401
6627
6665
6707
6847
6937
6979
7016
7050
7034
7117
7182
7210
7280
7320
7399
7422
7495
7554
7591
7673
7736
7746
7929
8005
8055
8084
8081
8184
8245
8330
8388
8481
8557
8628
8706
8784
8813
9045
9124
9152
9197
9343
9427
9531
9612
9715
9807
9879
10132
10223
10935
10977
11096
11222
11355
11575
11730
12019
12077
12068
12045
12026
12007
12001
11986
11945
11941
11921
11927
11898
11880
11877
11847
11843
11810
11818
11781
11771
11766
11771
11746
11736
11715
11714
11693
11666
11682
11672
11659
11642
11394
11376
11370
11354
11364
11336
11312
11316
11332
11291
11293
11288
11294
11274
11261
11245
11244
11245
11235
11219
11227
11244
11327
11324
11476
11461
11464
11472
11452
11441
11437
11431
11448
11433
11410
11426
11423
11383
11385
11264
11316
11394
11386
11402
11382
11382
11398
11391
11405
11402
11399
11413
11407
11433
11415
11331
11296
10145
10106
10180
11176
11193
11187
10893
10710
10676
5629
5609
5659
10587
5946
5935
5639
5570
5546
5550
5546
5558
10407
9133
8645
8641
8606
8614
8590
8594
8580
8567
8557
8543
8535
8526
8513
8511
8524
8957
8947
8940
9063
10075
10088
10046
10041
10032
10013
10002
9981
9964
9957
9960
9949
9951
10215
10735
6867
6780
6680
6583
6494
6540
6820
6830
6840
6844
6872
6868
6883
6889
6889
6820
6744
6680
6694
6705
6713
6720
6724
6843
6934
6843
6787
6803
7023
6958
6880
6861
6808
6806
8957
8875
8791
8718
8646
8575
8491
8414
8339
8277
8207
8145
8094
6597
6417
6353
6182
6316
6263
6076
6003
5936
5894
5853
5804
5755
5739
5696
5629
5596
5595
5609
5648
5602
5563
5532
5507
5473
5438
5424
5377
5394
5395
5407
5349
5326
5274
5248
5216
5196
5171
5080
5087
5055
5029
5003
4973
4947
4923
4895
4883
4850
4818
4800
4780
4758
4730
4704
4688
4657
4641
4618
4593
4585
4557
4532
4507
4477
4508
4487
4462
4445
4418
4392
4385
4367
4335
4330
4310
4303
4288
4211
4232
4226
4194
4176
4161
4164
4129
4115
4110
4094
4080
4077
4058
4032
4027
4014
3995
3990
3971
3944
3958
3948
3909
3914
3883
3871
3865
3863
3858
3827
3811
3794
3799
3775
3770
3759
3746
3737
3756
3757
3733
3733
3715
3715
3678
3682
3686
3656
3668
3630
3646
3633
3625
3618
3617
3605
3595
3542
3554
3573
3556
3554
3548
3543
3513
3519
3503
3496
3498
3484
3486
3470
3457
3462
3460
3434
3449
3433
3438
3440
3406
3431
3398
3395
3379
3390
3383
3385
3378
3357
3366
3350
3346
3345
3339
3335
3339
3325
3310
3315
3324
3312
3308
3318
3306
3299
3293
3279
3263
3275
3304
3302
3293
3274
3281
3279
3271
3269
3278
3263
3260
3257
3241
3239
3237
3254
3240
3256
3262
3241
3243
3252
3231
3184
3156
3154
3155
3166
3165
3156
3163
3158
3159
3148
3144
3162
3150
3138
3149
3153
3146
3147
3130
3130
3142
3144
3135
3049
3050
3043
3063
3063
3044
3033
3040
3046
3048
3033
3053
3054
3052
3046
3054
3057
3056
3048
3052
3059
3052
3060
3063
3062
3061
3063
3075
3062
3066
3065
3074
3076
3075
3065
3068
3082
3076
3077
3079
3092
3085
3105
3099
3086
3093
3096
3099
3100
3121
3114
3096
3130
3107
3131
3187
3202
3190
3204
3226
3224
3207
3217
3228
3231
3229
3243
3245
3248
3305
3320
3323
3306
3300
3295
3316
3343
3354
3352
3346
3350
3356
3348
3366
3360
3370
3384
3377
3382
3395
3411
3418
3419
3417
3419
3431
3435
3432
3449
3441
3472
3481
3475
3473
3500
3490
3490
3503
3510
3507
3523
3540
3543
3541
3555
3557
3567
3571
3598
3604
3595
3604
3604
3632
3666
3699
3686
3681
3666
3649
3637
3604
3602
3563
3538
3509
3455
3422
3342
3332
3335
3284
3284
3251
3232
3216
3191
3187
3166
3150
3124
3097
3079
3065
3048
3026
3003
2990
2975
2960
2942
2921
2912
2900
2879
2852
2850
2839
2822
2816
2801
2806
2775
2747
2732
2728
2677
2674
2698
2710
2693
2691
2675
2665
2655
2654
2643
2632
2605
2587
2599
2578
2559
2546
2538
2512
2508
2478
2479
2465
2447
2433
2447
2374
2381
2389
2382
2374
2358
2342
2339
2340
2319
2320
2306
2313
2279
2279
2282
2274
2282
2267
2246
2237
2256
2210
2213
2215
2228
2202
2225
2192
2173
2180
2168
2167
2160
2155
2139
2131
2127
2125
2124
2136
2104
2091
2114
2096
2088
2078
2085
2069
2071
2063
2068
2050
2049
2047
2038
2028
2025
2036
2005
2013
2015
2014
2011
1999
1985
1988
1985
2003
1985
1978
1972
1964
1925
1940
1927
1988
1977
1976
1982
1972
1953
1979
1968
1975
1964
1969
1961
1956
1948
1958
1960
1939
1955
1927
1938
1933
1920
1924
1916
1909
1914
1889
1896
1897
1887
1892
1894
1865
1864
1859
1870
1843
1854
1854
1848
1865
1868
1846
1839
1825
1827
1807
1815
1811
1797
1780
1820
1799
1790
1804
1776
1788
1778
1789
1789
1768
1781
1789
1772
1784
1775
1788
1773
1777
1796
1770
1763
1773
1764
1718
1672
1693
1673
1678
1697
1675
1675
1672
1657
1668
1663
1688
1662
1658
1665
1663
1675
1679
1680
1664
1670
1664
1667
1674
1678
1663
1676
1680
1681
1679
1675
1668
1674
1675
1679
1658
1685
1701
1684
1685
1688
1687
1698
1673
1690
1688
1707
1700
1689
1711
1697
1722
1692
1696
1701
1709
1690
1714
1729
1700
1712
1705
1723
1715
1743
1725
1716
1732
1737
1728
1739
1736
1751
1734
1757
1750
1752
1743
1745
1752
1777
1755
1752
1784
1764
1767
1778
1771
1784
1771
1788
1767
1787
1784
1775
1752
1832
1878
1869
1869
1873
1892
1900
1878
1900
1891
1910
1912
1909
1922
1922
1928
1907
1935
1905
1912
1945
1961
1950
1935
1950
1970
1964
1978
1977
1995
2022
2062
2082
2077
2112
2090
2092
2099
2102
2113
2124
2118
2121
2125
2153
2136
2138
2147
2136
2161
2142
2160
2162
2173
2170
2189
2188
2193
2192
2211
2220
2230
2229
2209
2195
2221
2235
2249
2272
2265
2281
2294
2309
2314
2300
2318
2324
2331
2337
2351
2361
2369
2384
2400
2396
2409
2427
2420
2434
2460
2456
2477
2476
2477
2500
2502
2527
2521
2536
2544
2565
2565
2587
2593
2602
2618
2633
2651
2655
2674
2679
2701
2706
2724
2735
2754
2751
2772
2776
2775
2864
2896
2906
2910
2929
2938
2953
2957
2972
3000
2986
3016
3027
3048
3073
3074
3101
3117
3104
3142
3156
3192
3209
3232
3267
3283
3309
3296
3351
3372
3396
3417
3444
3466
3492
3518
3539
3559
3601
3620
3625
3660
3698
3730
3765
3783
3799
3787
3937
3963
3964
4010
4027
4062
4096
4135
4160
4163
4149
4111
4080
4092
4112
4086
4079
4071
4055
4059
4043
4044
4034
4039
4023
4019
3994
3998
4001
3978
3973
3961
3972
3948
3964
3941
3939
3919
3917
3914
3923
3903
3904
3893
3896
3880
3884
3877
3884
3893
3854
3867
3863
3853
3866
3830
3817
3872
3865
3862
3803
3773
3789
3777
3771
3758
3765
3771
3771
3750
3760
3758
3730
3741
3749
3746
3726
3664
3656
3652
3637
3644
3648
3629
3622
3634
3638
3632
3622
3606
3614
3610
3621
3624
3622
